[
    {
        "name": "通訊內門",
        "vector": [
            -91.0,
            -91.0,
            -79.0,
            -79.0,
            -91.0,
            -82.0,
            -100,
            -100,
            -100,
            -100,
            -100,
            -100,
            -100,
            -69.0,
            -100,
            -71.0,
            -81.5,
            -71.0,
            -100,
            -81.5,
            -100,
            -80.0,
            -65.0,
            -87.0,
            -80.0,
            -67.0,
            -77.0,
            -80.0,
            -100,
            -84.0,
            -90.0,
            -89.0,
            -68.0,
            -89.0,
            -100,
            -100,
            -100,
            -79.0,
            -87.5,
            -77.0,
            -100,
            -82.0,
            -100,
            -77.5,
            -100,
            -85.0,
            -100,
            -91.0,
            -86.0,
            -80.0,
            -100,
            -90.0,
            -100,
            -100,
            -100,
            -100,
            -100,
            -100,
            -100,
            -69.0,
            -100,
            -100,
            -100,
            -100,
            -87.0,
            -72.0,
            -90.0,
            -89.0,
            -82.0,
            -67.0,
            -70.0,
            -100,
            -85.5,
            -100,
            -84.0,
            -100,
            -64.0,
            -100,
            -71.0,
            -86.0,
            -86.0,
            -93.5,
            -100,
            -100,
            -100,
            -68.0,
            -100,
            -100,
            -100,
            -100,
            -100,
            -100,
            -100,
            -100,
            -100,
            -70.0,
            -100,
            -82.0,
            -68.0,
            -83.0,
            -62.0,
            -79.0,
            -82.0,
            -100,
            -100,
            -70.5,
            -70.5,
            -70.5,
            -74.0,
            -74.0,
            -88.0,
            -100,
            -81.0,
            -100,
            -100,
            -80.0,
            -85.0,
            -86.0,
            -90.0,
            -84.5,
            -100,
            -81.0,
            -80.0
        ]
    },
    {
        "name": "102",
        "vector": [
            -97.0,
            -96.0,
            -83.0,
            -82.5,
            -94.0,
            -82.0,
            -100,
            -100,
            -100,
            -100,
            -100,
            -100,
            -100,
            -70.0,
            -100,
            -70.0,
            -81.0,
            -70.0,
            -100,
            -81.0,
            -100,
            -78.5,
            -68.0,
            -86.5,
            -74.5,
            -75.0,
            -100,
            -78.5,
            -100,
            -96.0,
            -88.0,
            -88.0,
            -59.5,
            -88.0,
            -100,
            -100,
            -100,
            -65.0,
            -100,
            -100,
            -100,
            -88.5,
            -100,
            -88.0,
            -100,
            -100,
            -92.0,
            -100,
            -100,
            -65.0,
            -100,
            -100,
            -100,
            -100,
            -100,
            -100,
            -100,
            -100,
            -93.0,
            -73.0,
            -100,
            -100,
            -100,
            -100,
            -78.0,
            -100,
            -100,
            -91.0,
            -81.5,
            -79.5,
            -73.0,
            -100,
            -100,
            -100,
            -81.5,
            -100,
            -74.0,
            -100,
            -84.0,
            -100,
            -100,
            -100,
            -100,
            -100,
            -79.0,
            -87.0,
            -100,
            -100,
            -84.0,
            -100,
            -100,
            -100,
            -100,
            -100,
            -81.0,
            -100,
            -100,
            -91.0,
            -81.0,
            -100,
            -69.0,
            -100,
            -100,
            -100,
            -75.0,
            -84.5,
            -84.0,
            -82.0,
            -86.5,
            -87.0,
            -90.0,
            -100,
            -89.0,
            -100,
            -100,
            -87.0,
            -100,
            -100,
            -100,
            -87.0,
            -100,
            -79.0,
            -87.0
        ]
    },
    {
        "name": "101",
        "vector": [
            -100,
            -93.0,
            -60.5,
            -60.5,
            -100,
            -60.0,
            -74.0,
            -74.0,
            -74.0,
            -100,
            -100,
            -100,
            -100,
            -48.5,
            -100,
            -48.0,
            -83.0,
            -48.0,
            -100,
            -84.0,
            -100,
            -57.5,
            -66.0,
            -100,
            -58.5,
            -76.0,
            -71.0,
            -57.0,
            -81.0,
            -100,
            -70.0,
            -70.5,
            -51.0,
            -70.0,
            -100,
            -100,
            -79.0,
            -50.0,
            -78.0,
            -100,
            -100,
            -100,
            -100,
            -100,
            -80.0,
            -73.0,
            -100,
            -100,
            -75.0,
            -49.5,
            -100,
            -100,
            -100,
            -100,
            -100,
            -100,
            -81.0,
            -100,
            -60.0,
            -100,
            -100,
            -100,
            -59.5,
            -59.5,
            -59.0,
            -100,
            -100,
            -100,
            -51.5,
            -71.0,
            -100,
            -100,
            -100,
            -100,
            -54.5,
            -76.0,
            -71.0,
            -100,
            -79.5,
            -100,
            -100,
            -100,
            -100,
            -76.0,
            -63.0,
            -82.0,
            -100,
            -100,
            -100,
            -100,
            -100,
            -100,
            -100,
            -100,
            -66.5,
            -100,
            -100,
            -100,
            -100,
            -100,
            -100,
            -83.0,
            -100,
            -100,
            -64.0,
            -91.5,
            -91.0,
            -84.0,
            -100,
            -100,
            -91.0,
            -100,
            -100,
            -100,
            -100,
            -100,
            -94.0,
            -90.0,
            -100,
            -92.0,
            -100,
            -79.0,
            -100
        ]
    },
    {
        "name": "106",
        "vector": [
            -100,
            -100,
            -61.0,
            -61.0,
            -100,
            -61.0,
            -68.5,
            -67.5,
            -68.0,
            -100,
            -100,
            -100,
            -100,
            -40.0,
            -100,
            -39.0,
            -100,
            -38.5,
            -100,
            -100,
            -100,
            -61.0,
            -100,
            -100,
            -61.0,
            -100,
            -71.0,
            -62.0,
            -66.0,
            -100,
            -68.0,
            -67.5,
            -33.5,
            -67.5,
            -100,
            -100,
            -71.0,
            -33.5,
            -66.0,
            -76.0,
            -100,
            -100,
            -100,
            -100,
            -67.0,
            -63.0,
            -100,
            -100,
            -66.0,
            -32.5,
            -100,
            -100,
            -100,
            -100,
            -100,
            -100,
            -70.0,
            -100,
            -68.0,
            -100,
            -100,
            -100,
            -68.5,
            -68.0,
            -69.0,
            -100,
            -100,
            -100,
            -64.5,
            -100,
            -100,
            -100,
            -100,
            -100,
            -59.5,
            -100,
            -100,
            -100,
            -81.5,
            -100,
            -100,
            -100,
            -100,
            -75.0,
            -55.0,
            -81.0,
            -100,
            -91.0,
            -100,
            -100,
            -100,
            -100,
            -100,
            -100,
            -62.5,
            -73.0,
            -100,
            -100,
            -100,
            -100,
            -71.0,
            -76.0,
            -100,
            -100,
            -56.5,
            -94.0,
            -100,
            -83.0,
            -100,
            -100,
            -91.0,
            -100,
            -100,
            -100,
            -100,
            -100,
            -87.0,
            -90.5,
            -100,
            -90.0,
            -100,
            -75.0,
            -100
        ]
    },
    {
        "name": "通訊正門",
        "vector": [
            -100,
            -100,
            -54.5,
            -55.0,
            -100,
            -56.0,
            -77.0,
            -76.5,
            -77.0,
            -100,
            -91.0,
            -100,
            -100,
            -58.0,
            -100,
            -58.5,
            -100,
            -58.5,
            -100,
            -100,
            -100,
            -52.5,
            -100,
            -100,
            -53.0,
            -100,
            -68.0,
            -51.0,
            -100,
            -100,
            -68.0,
            -68.0,
            -52.5,
            -68.0,
            -100,
            -100,
            -73.0,
            -51.5,
            -71.0,
            -69.0,
            -100,
            -100,
            -100,
            -100,
            -100,
            -72.0,
            -100,
            -100,
            -69.0,
            -50.5,
            -100,
            -100,
            -100,
            -100,
            -100,
            -100,
            -67.0,
            -100,
            -77.0,
            -100,
            -100,
            -100,
            -77.0,
            -77.0,
            -64.0,
            -100,
            -100,
            -100,
            -73.5,
            -100,
            -100,
            -100,
            -100,
            -100,
            -71.5,
            -78.0,
            -100,
            -100,
            -61.0,
            -100,
            -100,
            -100,
            -100,
            -65.0,
            -61.0,
            -61.0,
            -100,
            -93.0,
            -100,
            -100,
            -100,
            -100,
            -100,
            -100,
            -59.5,
            -100,
            -86.5,
            -100,
            -100,
            -100,
            -63.0,
            -62.0,
            -100,
            -100,
            -62.0,
            -89.0,
            -88.0,
            -74.5,
            -91.0,
            -90.0,
            -80.0,
            -100,
            -100,
            -87.0,
            -100,
            -100,
            -81.0,
            -82.0,
            -100,
            -82.0,
            -100,
            -80.0,
            -100
        ]
    },
    {
        "name": "飲水機",
        "vector": [
            -100,
            -100,
            -50.5,
            -59.0,
            -100,
            -59.0,
            -84.0,
            -83.5,
            -84.5,
            -100,
            -100,
            -100,
            -100,
            -71.0,
            -100,
            -72.0,
            -100,
            -69.0,
            -100,
            -100,
            -100,
            -54.5,
            -82.0,
            -100,
            -54.5,
            -100,
            -63.0,
            -54.5,
            -100,
            -100,
            -74.5,
            -75.0,
            -65.0,
            -75.5,
            -100,
            -76.0,
            -100,
            -66.0,
            -71.5,
            -81.0,
            -100,
            -100,
            -100,
            -100,
            -100,
            -72.5,
            -100,
            -100,
            -71.5,
            -60.0,
            -100,
            -100,
            -100,
            -100,
            -100,
            -100,
            -73.0,
            -100,
            -86.0,
            -65.0,
            -100,
            -100,
            -87.0,
            -87.0,
            -100,
            -100,
            -100,
            -100,
            -79.0,
            -80.0,
            -100,
            -100,
            -100,
            -100,
            -79.5,
            -92.0,
            -100,
            -100,
            -78.0,
            -100,
            -100,
            -100,
            -100,
            -65.0,
            -80.0,
            -78.5,
            -100,
            -79.0,
            -100,
            -100,
            -100,
            -100,
            -100,
            -84.0,
            -78.0,
            -100,
            -88.5,
            -100,
            -100,
            -100,
            -100,
            -72.0,
            -100,
            -100,
            -72.0,
            -100,
            -100,
            -85.0,
            -100,
            -100,
            -100,
            -100,
            -88.0,
            -97.0,
            -100,
            -100,
            -81.0,
            -82.0,
            -100,
            -81.0,
            -100,
            -100,
            -100
        ]
    },
    {
        "name": "108",
        "vector": [
            -100,
            -100,
            -36.5,
            -36.0,
            -100,
            -37.0,
            -66.5,
            -65.0,
            -65.0,
            -100,
            -100,
            -100,
            -100,
            -52.0,
            -100,
            -52.5,
            -100,
            -52.0,
            -100,
            -100,
            -100,
            -40.0,
            -100,
            -100,
            -40.0,
            -100,
            -100,
            -39.5,
            -78.0,
            -100,
            -63.0,
            -63.0,
            -53.0,
            -63.0,
            -100,
            -100,
            -71.5,
            -55.0,
            -61.5,
            -100,
            -100,
            -100,
            -100,
            -100,
            -75.0,
            -62.0,
            -100,
            -100,
            -60.5,
            -53.0,
            -100,
            -100,
            -100,
            -100,
            -100,
            -100,
            -69.5,
            -100,
            -78.5,
            -97.0,
            -100,
            -100,
            -79.0,
            -79.0,
            -69.0,
            -100,
            -100,
            -100,
            -77.0,
            -90.0,
            -100,
            -100,
            -100,
            -100,
            -73.0,
            -90.0,
            -90.0,
            -100,
            -60.0,
            -100,
            -100,
            -100,
            -100,
            -68.0,
            -70.0,
            -58.0,
            -100,
            -79.5,
            -100,
            -100,
            -100,
            -100,
            -100,
            -81.0,
            -67.0,
            -100,
            -80.0,
            -100,
            -100,
            -100,
            -78.0,
            -61.0,
            -100,
            -100,
            -72.0,
            -100,
            -100,
            -81.0,
            -96.0,
            -95.0,
            -100,
            -100,
            -100,
            -93.0,
            -100,
            -100,
            -82.0,
            -81.0,
            -100,
            -81.5,
            -100,
            -75.0,
            -100
        ]
    },
    {
        "name": "105",
        "vector": [
            -84.0,
            -83.0,
            -60.5,
            -60.5,
            -83.0,
            -60.5,
            -52.0,
            -52.0,
            -52.0,
            -100,
            -83.0,
            -82.0,
            -83.5,
            -65.0,
            -100,
            -65.0,
            -88.0,
            -64.5,
            -100,
            -89.0,
            -100,
            -64.0,
            -100,
            -100,
            -65.5,
            -100,
            -100,
            -63.5,
            -57.0,
            -84.0,
            -38.0,
            -38.0,
            -62.5,
            -38.0,
            -100,
            -100,
            -54.0,
            -64.0,
            -44.5,
            -100,
            -100,
            -92.0,
            -100,
            -91.0,
            -54.0,
            -44.5,
            -100,
            -100,
            -45.5,
            -61.5,
            -100,
            -100,
            -100,
            -100,
            -100,
            -83.0,
            -100,
            -100,
            -100,
            -100,
            -100,
            -100,
            -100,
            -100,
            -82.0,
            -100,
            -100,
            -100,
            -83.0,
            -72.0,
            -100,
            -100,
            -84.0,
            -100,
            -100,
            -62.5,
            -79.0,
            -100,
            -100,
            -100,
            -100,
            -100,
            -100,
            -100,
            -72.0,
            -100,
            -100,
            -62.0,
            -100,
            -100,
            -100,
            -100,
            -100,
            -73.5,
            -75.0,
            -81.0,
            -62.0,
            -100,
            -77.0,
            -100,
            -100,
            -100,
            -100,
            -100,
            -66.5,
            -87.0,
            -87.0,
            -100,
            -88.0,
            -89.0,
            -100,
            -100,
            -86.0,
            -84.5,
            -100,
            -92.0,
            -89.0,
            -89.5,
            -89.0,
            -88.0,
            -100,
            -100,
            -100
        ]
    },
    {
        "name": "電視",
        "vector": [
            -55.0,
            -51.0,
            -67.0,
            -67.5,
            -54.0,
            -66.0,
            -35.0,
            -36.5,
            -36.5,
            -100,
            -57.5,
            -57.5,
            -57.5,
            -65.0,
            -100,
            -65.0,
            -100,
            -65.0,
            -100,
            -100,
            -100,
            -66.0,
            -100,
            -100,
            -68.0,
            -100,
            -100,
            -67.0,
            -26.0,
            -79.0,
            -60.0,
            -60.0,
            -56.5,
            -60.5,
            -100,
            -100,
            -26.0,
            -56.5,
            -58.5,
            -100,
            -100,
            -100,
            -100,
            -100,
            -33.0,
            -59.5,
            -100,
            -87.0,
            -58.5,
            -55.5,
            -100,
            -100,
            -100,
            -85.0,
            -100,
            -69.0,
            -100,
            -100,
            -90.0,
            -100,
            -100,
            -100,
            -91.0,
            -91.0,
            -100,
            -100,
            -100,
            -100,
            -100,
            -100,
            -100,
            -100,
            -86.0,
            -100,
            -72.0,
            -71.0,
            -100,
            -100,
            -100,
            -100,
            -100,
            -84.0,
            -69.0,
            -100,
            -71.0,
            -100,
            -72.0,
            -100,
            -100,
            -90.0,
            -100,
            -100,
            -100,
            -100,
            -100,
            -100,
            -100,
            -87.0,
            -100,
            -100,
            -100,
            -100,
            -100,
            -100,
            -75.0,
            -100,
            -100,
            -100,
            -100,
            -100,
            -100,
            -100,
            -100,
            -100,
            -100,
            -100,
            -100,
            -100,
            -100,
            -100,
            -100,
            -100,
            -100
        ]
    },
    {
        "name": "通訊側門",
        "vector": [
            -71.0,
            -70.5,
            -60.0,
            -60.0,
            -69.0,
            -62.0,
            -49.0,
            -48.0,
            -48.0,
            -100,
            -75.0,
            -75.0,
            -75.0,
            -65.0,
            -100,
            -65.0,
            -100,
            -65.5,
            -100,
            -100,
            -100,
            -65.0,
            -100,
            -100,
            -67.0,
            -100,
            -100,
            -66.0,
            -48.0,
            -100,
            -59.5,
            -60.0,
            -70.5,
            -60.5,
            -100,
            -100,
            -49.0,
            -66.0,
            -59.0,
            -100,
            -100,
            -100,
            -100,
            -100,
            -48.0,
            -59.0,
            -100,
            -67.0,
            -59.0,
            -64.0,
            -100,
            -100,
            -100,
            -100,
            -100,
            -72.5,
            -100,
            -100,
            -89.0,
            -100,
            -100,
            -100,
            -89.0,
            -88.0,
            -100,
            -100,
            -100,
            -100,
            -100,
            -100,
            -100,
            -100,
            -100,
            -100,
            -86.0,
            -88.0,
            -100,
            -100,
            -100,
            -100,
            -100,
            -100,
            -59.0,
            -100,
            -83.0,
            -100,
            -100,
            -100,
            -100,
            -100,
            -100,
            -100,
            -100,
            -100,
            -100,
            -100,
            -87.0,
            -100,
            -100,
            -100,
            -100,
            -100,
            -100,
            -100,
            -71.5,
            -100,
            -100,
            -100,
            -100,
            -100,
            -100,
            -100,
            -100,
            -100,
            -100,
            -100,
            -100,
            -100,
            -100,
            -100,
            -100,
            -100,
            -100
        ]
    },
    {
        "name": "111",
        "vector": [
            -41.0,
            -43.5,
            -89.0,
            -89.0,
            -42.0,
            -88.0,
            -50.5,
            -53.0,
            -53.0,
            -100,
            -49.0,
            -49.0,
            -49.0,
            -100,
            -100,
            -100,
            -100,
            -100,
            -100,
            -100,
            -100,
            -100,
            -84.0,
            -100,
            -100,
            -83.0,
            -100,
            -100,
            -57.0,
            -69.0,
            -83.0,
            -84.5,
            -95.0,
            -83.5,
            -100,
            -100,
            -59.0,
            -100,
            -82.0,
            -100,
            -100,
            -100,
            -100,
            -100,
            -52.5,
            -76.5,
            -100,
            -68.0,
            -100,
            -100,
            -100,
            -100,
            -100,
            -85.0,
            -100,
            -61.0,
            -100,
            -100,
            -100,
            -100,
            -100,
            -100,
            -100,
            -100,
            -100,
            -100,
            -100,
            -100,
            -100,
            -100,
            -100,
            -100,
            -87.5,
            -100,
            -100,
            -100,
            -100,
            -100,
            -80.0,
            -100,
            -84.0,
            -83.5,
            -58.5,
            -100,
            -100,
            -100,
            -76.5,
            -100,
            -100,
            -88.0,
            -100,
            -73.0,
            -100,
            -68.0,
            -100,
            -100,
            -100,
            -89.0,
            -100,
            -100,
            -100,
            -100,
            -100,
            -100,
            -100,
            -100,
            -100,
            -100,
            -100,
            -100,
            -100,
            -100,
            -100,
            -100,
            -100,
            -100,
            -100,
            -100,
            -100,
            -100,
            -100,
            -100,
            -100
        ]
    },
    {
        "name": "112",
        "vector": [
            -46.0,
            -46.5,
            -92.0,
            -93.0,
            -46.0,
            -100,
            -49.0,
            -55.0,
            -55.0,
            -100,
            -46.0,
            -46.0,
            -46.0,
            -100,
            -100,
            -100,
            -100,
            -100,
            -100,
            -100,
            -100,
            -100,
            -100,
            -100,
            -100,
            -100,
            -100,
            -100,
            -52.0,
            -66.0,
            -85.5,
            -85.0,
            -100,
            -85.0,
            -100,
            -100,
            -59.0,
            -100,
            -100,
            -100,
            -100,
            -100,
            -100,
            -100,
            -66.0,
            -69.0,
            -100,
            -64.5,
            -100,
            -100,
            -100,
            -100,
            -100,
            -83.0,
            -100,
            -57.0,
            -100,
            -100,
            -100,
            -100,
            -100,
            -100,
            -100,
            -100,
            -100,
            -100,
            -100,
            -100,
            -100,
            -100,
            -100,
            -100,
            -84.0,
            -100,
            -100,
            -100,
            -100,
            -100,
            -83.0,
            -100,
            -72.5,
            -80.5,
            -55.5,
            -100,
            -100,
            -100,
            -80.0,
            -100,
            -100,
            -86.0,
            -100,
            -64.5,
            -100,
            -64.5,
            -100,
            -100,
            -100,
            -85.0,
            -93.0,
            -100,
            -100,
            -100,
            -100,
            -100,
            -100,
            -100,
            -100,
            -100,
            -100,
            -100,
            -100,
            -100,
            -100,
            -100,
            -100,
            -100,
            -100,
            -100,
            -100,
            -100,
            -100,
            -100,
            -100
        ]
    },
    {
        "name": "115",
        "vector": [
            -55.5,
            -58.0,
            -100,
            -100,
            -56.0,
            -100,
            -62.0,
            -61.5,
            -62.5,
            -100,
            -61.0,
            -61.5,
            -61.0,
            -100,
            -100,
            -100,
            -100,
            -100,
            -100,
            -100,
            -100,
            -100,
            -100,
            -100,
            -100,
            -100,
            -100,
            -100,
            -70.0,
            -53.0,
            -92.0,
            -89.5,
            -100,
            -89.5,
            -100,
            -96.0,
            -70.0,
            -100,
            -100,
            -100,
            -100,
            -100,
            -100,
            -100,
            -71.0,
            -85.0,
            -100,
            -72.5,
            -78.5,
            -100,
            -100,
            -100,
            -100,
            -67.5,
            -100,
            -61.5,
            -100,
            -100,
            -100,
            -100,
            -100,
            -100,
            -100,
            -100,
            -100,
            -100,
            -100,
            -100,
            -100,
            -100,
            -100,
            -100,
            -65.5,
            -100,
            -100,
            -100,
            -100,
            -100,
            -100,
            -100,
            -59.0,
            -59.0,
            -54.0,
            -100,
            -100,
            -100,
            -76.0,
            -100,
            -100,
            -87.0,
            -100,
            -59.0,
            -100,
            -100,
            -100,
            -100,
            -100,
            -66.0,
            -100,
            -100,
            -100,
            -100,
            -100,
            -100,
            -100,
            -100,
            -100,
            -92.0,
            -100,
            -100,
            -100,
            -100,
            -75.0,
            -100,
            -100,
            -100,
            -100,
            -100,
            -83.0,
            -100,
            -100,
            -100,
            -100
        ]
    },
    {
        "name": "114",
        "vector": [
            -60.0,
            -61.5,
            -100,
            -100,
            -60.5,
            -100,
            -63.5,
            -63.5,
            -64.0,
            -100,
            -60.0,
            -60.0,
            -60.0,
            -100,
            -100,
            -100,
            -100,
            -100,
            -100,
            -100,
            -100,
            -100,
            -100,
            -100,
            -100,
            -100,
            -100,
            -100,
            -63.5,
            -54.0,
            -89.5,
            -92.0,
            -100,
            -92.0,
            -100,
            -100,
            -63.0,
            -100,
            -100,
            -100,
            -100,
            -100,
            -100,
            -100,
            -62.5,
            -84.0,
            -100,
            -100,
            -77.0,
            -100,
            -100,
            -100,
            -100,
            -54.5,
            -100,
            -71.0,
            -100,
            -100,
            -100,
            -100,
            -100,
            -100,
            -100,
            -100,
            -100,
            -100,
            -100,
            -100,
            -100,
            -100,
            -100,
            -100,
            -53.0,
            -100,
            -100,
            -100,
            -100,
            -100,
            -100,
            -100,
            -61.0,
            -69.5,
            -66.5,
            -100,
            -100,
            -100,
            -66.0,
            -100,
            -100,
            -85.0,
            -100,
            -53.0,
            -100,
            -100,
            -100,
            -100,
            -100,
            -72.5,
            -100,
            -100,
            -100,
            -100,
            -100,
            -100,
            -100,
            -100,
            -100,
            -92.0,
            -100,
            -100,
            -100,
            -100,
            -76.0,
            -100,
            -100,
            -100,
            -100,
            -100,
            -83.5,
            -100,
            -100,
            -100,
            -100
        ]
    },
    {
        "name": "117",
        "vector": [
            -59.0,
            -59.5,
            -100,
            -100,
            -59.5,
            -100,
            -66.5,
            -66.0,
            -66.0,
            -100,
            -70.0,
            -70.0,
            -70.0,
            -100,
            -100,
            -100,
            -100,
            -100,
            -100,
            -100,
            -100,
            -100,
            -100,
            -100,
            -100,
            -100,
            -100,
            -100,
            -58.5,
            -69.0,
            -100,
            -100,
            -100,
            -100,
            -100,
            -100,
            -60.0,
            -100,
            -89.5,
            -100,
            -100,
            -100,
            -100,
            -100,
            -59.5,
            -93.0,
            -100,
            -82.0,
            -92.0,
            -100,
            -100,
            -100,
            -100,
            -69.0,
            -100,
            -78.0,
            -100,
            -100,
            -100,
            -83.0,
            -100,
            -100,
            -100,
            -100,
            -100,
            -100,
            -100,
            -100,
            -100,
            -81.0,
            -81.0,
            -100,
            -76.5,
            -91.0,
            -100,
            -100,
            -100,
            -100,
            -100,
            -100,
            -70.0,
            -84.0,
            -68.0,
            -100,
            -100,
            -100,
            -54.0,
            -100,
            -100,
            -68.0,
            -100,
            -65.5,
            -100,
            -100,
            -100,
            -80.0,
            -100,
            -89.0,
            -100,
            -100,
            -100,
            -100,
            -100,
            -100,
            -100,
            -100,
            -100,
            -100,
            -100,
            -100,
            -100,
            -100,
            -85.0,
            -100,
            -100,
            -100,
            -100,
            -100,
            -85.5,
            -100,
            -100,
            -100,
            -100
        ]
    },
    {
        "name": "垃圾",
        "vector": [
            -100,
            -100,
            -100,
            -100,
            -100,
            -100,
            -89.0,
            -90.0,
            -90.0,
            -100,
            -87.5,
            -89.0,
            -88.0,
            -100,
            -100,
            -100,
            -100,
            -100,
            -100,
            -100,
            -100,
            -100,
            -100,
            -100,
            -100,
            -100,
            -100,
            -100,
            -100,
            -100,
            -83.5,
            -83.0,
            -100,
            -84.5,
            -100,
            -100,
            -88.0,
            -100,
            -94.0,
            -100,
            -100,
            -100,
            -100,
            -100,
            -100,
            -85.0,
            -100,
            -100,
            -85.0,
            -100,
            -100,
            -100,
            -100,
            -68.5,
            -100,
            -89.0,
            -100,
            -82.5,
            -100,
            -79.0,
            -100,
            -100,
            -100,
            -100,
            -100,
            -100,
            -100,
            -100,
            -100,
            -82.5,
            -70.0,
            -77.0,
            -77.5,
            -83.5,
            -100,
            -100,
            -80.0,
            -100,
            -100,
            -100,
            -82.0,
            -85.0,
            -77.0,
            -100,
            -100,
            -100,
            -68.5,
            -87.0,
            -100,
            -85.0,
            -100,
            -64.0,
            -100,
            -100,
            -100,
            -70.0,
            -86.5,
            -93.0,
            -100,
            -100,
            -100,
            -100,
            -100,
            -100,
            -100,
            -100,
            -100,
            -87.0,
            -100,
            -100,
            -100,
            -100,
            -82.5,
            -100,
            -100,
            -100,
            -100,
            -100,
            -81.0,
            -100,
            -100,
            -100,
            -100
        ]
    },
    {
        "name": "電機側門",
        "vector": [
            -100,
            -100,
            -100,
            -100,
            -100,
            -100,
            -88.0,
            -90.5,
            -89.0,
            -81.0,
            -87.0,
            -87.0,
            -100,
            -100,
            -91.0,
            -100,
            -86.0,
            -100,
            -81.0,
            -86.0,
            -89.0,
            -100,
            -82.0,
            -100,
            -100,
            -100,
            -73.0,
            -100,
            -100,
            -100,
            -100,
            -100,
            -100,
            -100,
            -85.0,
            -100,
            -100,
            -100,
            -100,
            -79.0,
            -88.0,
            -80.0,
            -64.0,
            -80.0,
            -100,
            -100,
            -85.5,
            -100,
            -100,
            -100,
            -77.5,
            -100,
            -100,
            -100,
            -76.5,
            -100,
            -100,
            -69.5,
            -100,
            -100,
            -68.0,
            -69.0,
            -100,
            -100,
            -100,
            -100,
            -85.0,
            -92.0,
            -100,
            -100,
            -100,
            -69.0,
            -100,
            -76.0,
            -100,
            -100,
            -100,
            -77.0,
            -100,
            -100,
            -84.0,
            -100,
            -100,
            -100,
            -100,
            -100,
            -87.0,
            -100,
            -100,
            -80.0,
            -66.5,
            -79.0,
            -67.0,
            -100,
            -100,
            -100,
            -100,
            -100,
            -100,
            -80.0,
            -100,
            -100,
            -79.0,
            -100,
            -100,
            -100,
            -100,
            -100,
            -100,
            -100,
            -100,
            -100,
            -100,
            -100,
            -93.0,
            -100,
            -100,
            -100,
            -100,
            -100,
            -100,
            -100,
            -100
        ]
    },
    {
        "name": "118",
        "vector": [
            -71.5,
            -71.5,
            -100,
            -100,
            -71.0,
            -100,
            -65.5,
            -65.5,
            -65.5,
            -100,
            -70.5,
            -68.0,
            -71.0,
            -100,
            -87.5,
            -100,
            -86.0,
            -100,
            -100,
            -85.0,
            -86.5,
            -100,
            -73.0,
            -100,
            -100,
            -100,
            -100,
            -100,
            -69.0,
            -83.0,
            -100,
            -100,
            -100,
            -100,
            -79.0,
            -100,
            -68.5,
            -100,
            -100,
            -67.0,
            -88.0,
            -82.0,
            -67.5,
            -82.0,
            -66.0,
            -100,
            -92.0,
            -88.0,
            -100,
            -100,
            -80.0,
            -97.0,
            -100,
            -74.0,
            -79.0,
            -82.5,
            -100,
            -63.0,
            -100,
            -100,
            -69.0,
            -67.0,
            -100,
            -100,
            -100,
            -100,
            -86.0,
            -87.0,
            -100,
            -88.0,
            -82.0,
            -62.0,
            -87.5,
            -77.0,
            -100,
            -100,
            -87.0,
            -100,
            -100,
            -84.0,
            -75.0,
            -85.0,
            -63.0,
            -100,
            -100,
            -100,
            -68.0,
            -100,
            -100,
            -62.5,
            -65.5,
            -70.0,
            -66.0,
            -100,
            -100,
            -100,
            -100,
            -88.0,
            -100,
            -88.0,
            -100,
            -100,
            -88.5,
            -100,
            -100,
            -90.0,
            -90.0,
            -100,
            -100,
            -100,
            -100,
            -100,
            -100,
            -100,
            -100,
            -100,
            -100,
            -100,
            -90.0,
            -100,
            -100,
            -100,
            -100
        ]
    },
    {
        "name": "119",
        "vector": [
            -100,
            -100,
            -100,
            -100,
            -100,
            -100,
            -100,
            -100,
            -100,
            -100,
            -100,
            -100,
            -100,
            -100,
            -78.0,
            -100,
            -72.5,
            -100,
            -81.0,
            -71.5,
            -78.0,
            -100,
            -100,
            -100,
            -100,
            -100,
            -67.0,
            -100,
            -100,
            -100,
            -100,
            -100,
            -100,
            -100,
            -82.0,
            -100,
            -100,
            -100,
            -100,
            -100,
            -85.0,
            -76.0,
            -44.5,
            -75.5,
            -100,
            -100,
            -80.0,
            -100,
            -100,
            -100,
            -74.5,
            -89.0,
            -100,
            -92.0,
            -71.0,
            -100,
            -100,
            -46.0,
            -100,
            -67.0,
            -69.5,
            -67.0,
            -100,
            -100,
            -100,
            -100,
            -83.5,
            -85.0,
            -100,
            -61.0,
            -53.0,
            -46.0,
            -100,
            -45.5,
            -100,
            -100,
            -64.0,
            -100,
            -100,
            -100,
            -100,
            -100,
            -100,
            -100,
            -100,
            -100,
            -100,
            -100,
            -100,
            -87.5,
            -50.0,
            -100,
            -51.5,
            -100,
            -100,
            -62.0,
            -100,
            -100,
            -72.0,
            -81.5,
            -100,
            -100,
            -82.0,
            -100,
            -100,
            -82.0,
            -81.0,
            -100,
            -83.5,
            -85.0,
            -100,
            -100,
            -100,
            -100,
            -88.0,
            -100,
            -100,
            -100,
            -100,
            -100,
            -100,
            -100,
            -100
        ]
    },
    {
        "name": "120",
        "vector": [
            -100,
            -100,
            -100,
            -100,
            -100,
            -100,
            -100,
            -100,
            -100,
            -54.0,
            -100,
            -100,
            -100,
            -100,
            -64.0,
            -100,
            -53.5,
            -100,
            -54.0,
            -54.0,
            -64.0,
            -100,
            -56.0,
            -56.0,
            -100,
            -54.0,
            -41.0,
            -100,
            -100,
            -100,
            -100,
            -100,
            -100,
            -100,
            -70.0,
            -69.0,
            -100,
            -100,
            -100,
            -40.0,
            -88.5,
            -54.0,
            -74.0,
            -54.0,
            -100,
            -100,
            -68.0,
            -100,
            -100,
            -100,
            -75.0,
            -67.0,
            -79.0,
            -100,
            -75.5,
            -100,
            -100,
            -100,
            -100,
            -100,
            -61.0,
            -63.5,
            -100,
            -100,
            -100,
            -60.0,
            -77.5,
            -64.0,
            -100,
            -100,
            -74.0,
            -58.0,
            -100,
            -86.0,
            -100,
            -100,
            -100,
            -68.0,
            -100,
            -68.0,
            -100,
            -100,
            -100,
            -100,
            -100,
            -100,
            -100,
            -100,
            -65.0,
            -100,
            -75.0,
            -100,
            -73.0,
            -86.0,
            -100,
            -100,
            -100,
            -100,
            -73.0,
            -77.0,
            -100,
            -100,
            -81.0,
            -79.5,
            -100,
            -88.5,
            -89.0,
            -93.0,
            -89.5,
            -89.0,
            -100,
            -79.5,
            -100,
            -88.0,
            -87.0,
            -83.0,
            -88.0,
            -88.0,
            -100,
            -88.0,
            -87.0,
            -100,
            -83.0
        ]
    },
    {
        "name": "124",
        "vector": [
            -92.0,
            -92.0,
            -100,
            -100,
            -89.0,
            -100,
            -100,
            -100,
            -100,
            -100,
            -100,
            -100,
            -100,
            -100,
            -66.0,
            -100,
            -55.0,
            -100,
            -59.0,
            -54.5,
            -66.0,
            -100,
            -53.0,
            -56.0,
            -100,
            -50.0,
            -38.5,
            -100,
            -100,
            -100,
            -90.5,
            -90.0,
            -100,
            -91.0,
            -86.0,
            -100,
            -100,
            -100,
            -100,
            -44.0,
            -88.5,
            -37.5,
            -67.0,
            -38.0,
            -100,
            -100,
            -69.5,
            -100,
            -86.0,
            -100,
            -73.0,
            -77.0,
            -100,
            -100,
            -73.0,
            -100,
            -86.0,
            -62.0,
            -100,
            -67.0,
            -57.0,
            -61.0,
            -100,
            -100,
            -100,
            -63.0,
            -70.0,
            -74.0,
            -100,
            -58.0,
            -75.0,
            -60.0,
            -100,
            -82.5,
            -100,
            -100,
            -67.0,
            -72.5,
            -100,
            -74.0,
            -100,
            -100,
            -100,
            -92.0,
            -100,
            -100,
            -100,
            -100,
            -64.0,
            -100,
            -69.0,
            -100,
            -70.5,
            -100,
            -100,
            -81.0,
            -100,
            -100,
            -67.0,
            -80.5,
            -100,
            -100,
            -100,
            -76.0,
            -100,
            -70.5,
            -70.0,
            -82.5,
            -80.0,
            -80.5,
            -90.0,
            -74.5,
            -100,
            -91.0,
            -84.0,
            -78.5,
            -87.0,
            -87.5,
            -100,
            -86.5,
            -83.0,
            -83.0,
            -78.5
        ]
    },
    {
        "name": "電機正門",
        "vector": [
            -100,
            -100,
            -89.0,
            -87.0,
            -100,
            -89.0,
            -100,
            -100,
            -100,
            -54.5,
            -100,
            -100,
            -100,
            -90.0,
            -60.5,
            -91.0,
            -55.0,
            -92.0,
            -53.5,
            -55.0,
            -60.5,
            -92.0,
            -49.5,
            -58.5,
            -84.0,
            -51.0,
            -58.0,
            -82.0,
            -100,
            -95.0,
            -84.5,
            -84.5,
            -100,
            -84.5,
            -74.0,
            -47.0,
            -100,
            -100,
            -100,
            -100,
            -87.5,
            -63.5,
            -100,
            -62.5,
            -100,
            -100,
            -60.5,
            -100,
            -100,
            -100,
            -77.5,
            -63.5,
            -54.0,
            -100,
            -74.5,
            -100,
            -90.0,
            -100,
            -100,
            -100,
            -100,
            -70.0,
            -100,
            -100,
            -100,
            -55.0,
            -69.5,
            -64.5,
            -100,
            -100,
            -82.0,
            -69.0,
            -100,
            -84.0,
            -100,
            -100,
            -100,
            -53.5,
            -100,
            -64.0,
            -100,
            -100,
            -100,
            -100,
            -100,
            -100,
            -100,
            -100,
            -54.0,
            -100,
            -77.0,
            -100,
            -71.5,
            -100,
            -100,
            -100,
            -100,
            -100,
            -76.0,
            -67.0,
            -100,
            -100,
            -67.0,
            -62.0,
            -100,
            -86.0,
            -86.0,
            -83.5,
            -88.0,
            -89.0,
            -100,
            -63.5,
            -100,
            -86.5,
            -84.0,
            -78.0,
            -86.0,
            -86.0,
            -100,
            -86.0,
            -83.0,
            -100,
            -79.0
        ]
    },
    {
        "name": "電機桌",
        "vector": [
            -100,
            -100,
            -85.5,
            -85.5,
            -100,
            -85.5,
            -89.0,
            -89.0,
            -90.0,
            -60.0,
            -100,
            -100,
            -100,
            -89.5,
            -64.0,
            -85.0,
            -52.0,
            -86.0,
            -53.0,
            -53.0,
            -64.5,
            -84.0,
            -43.0,
            -44.0,
            -83.0,
            -44.0,
            -100,
            -83.0,
            -100,
            -100,
            -82.5,
            -84.0,
            -100,
            -83.0,
            -81.5,
            -57.0,
            -100,
            -100,
            -100,
            -59.0,
            -78.0,
            -63.0,
            -79.0,
            -63.5,
            -100,
            -100,
            -53.0,
            -100,
            -100,
            -100,
            -67.0,
            -73.0,
            -48.0,
            -100,
            -66.0,
            -100,
            -100,
            -100,
            -100,
            -100,
            -53.0,
            -53.0,
            -100,
            -100,
            -100,
            -68.5,
            -66.0,
            -74.0,
            -100,
            -100,
            -100,
            -66.0,
            -100,
            -87.5,
            -100,
            -100,
            -100,
            -54.0,
            -100,
            -73.0,
            -100,
            -100,
            -100,
            -100,
            -100,
            -100,
            -100,
            -100,
            -73.0,
            -100,
            -70.0,
            -100,
            -72.5,
            -100,
            -100,
            -100,
            -100,
            -100,
            -100,
            -74.0,
            -59.5,
            -100,
            -70.0,
            -72.0,
            -100,
            -87.5,
            -86.0,
            -80.0,
            -85.0,
            -85.0,
            -92.0,
            -70.0,
            -100,
            -86.0,
            -92.0,
            -85.0,
            -83.0,
            -84.0,
            -100,
            -82.0,
            -85.5,
            -76.0,
            -84.5
        ]
    },
    {
        "name": "電機內門",
        "vector": [
            -100,
            -100,
            -88.0,
            -82.0,
            -90.0,
            -88.0,
            -91.0,
            -94.0,
            -90.0,
            -63.0,
            -91.0,
            -90.0,
            -89.5,
            -86.0,
            -69.5,
            -89.0,
            -45.5,
            -90.0,
            -75.5,
            -45.0,
            -68.0,
            -85.0,
            -37.0,
            -66.0,
            -82.5,
            -33.0,
            -60.5,
            -82.0,
            -100,
            -100,
            -84.0,
            -83.5,
            -66.0,
            -83.5,
            -100,
            -66.5,
            -100,
            -84.0,
            -83.5,
            -58.5,
            -100,
            -65.0,
            -100,
            -65.5,
            -100,
            -76.0,
            -64.5,
            -92.0,
            -77.0,
            -100,
            -84.0,
            -65.5,
            -59.0,
            -100,
            -82.5,
            -100,
            -100,
            -100,
            -100,
            -100,
            -100,
            -71.0,
            -100,
            -100,
            -100,
            -64.0,
            -69.0,
            -66.5,
            -100,
            -74.0,
            -81.5,
            -100,
            -100,
            -92.0,
            -100,
            -100,
            -73.0,
            -66.5,
            -56.0,
            -66.0,
            -100,
            -93.0,
            -100,
            -100,
            -100,
            -73.0,
            -100,
            -100,
            -66.0,
            -100,
            -76.0,
            -100,
            -77.0,
            -100,
            -100,
            -78.0,
            -87.0,
            -100,
            -100,
            -77.0,
            -61.0,
            -74.0,
            -77.0,
            -77.0,
            -100,
            -83.0,
            -83.0,
            -75.0,
            -83.0,
            -84.5,
            -83.0,
            -78.0,
            -100,
            -81.0,
            -86.0,
            -78.0,
            -81.5,
            -81.0,
            -89.0,
            -81.5,
            -86.0,
            -74.0,
            -78.0
        ]
    },
    {
        "name": "121",
        "vector": [
            -100,
            -100,
            -100,
            -100,
            -100,
            -100,
            -100,
            -100,
            -100,
            -43.0,
            -100,
            -100,
            -100,
            -100,
            -48.5,
            -100,
            -61.0,
            -100,
            -41.0,
            -62.0,
            -48.0,
            -100,
            -50.5,
            -83.0,
            -100,
            -49.5,
            -77.0,
            -100,
            -100,
            -100,
            -90.0,
            -87.0,
            -100,
            -89.0,
            -64.5,
            -54.0,
            -100,
            -100,
            -100,
            -70.0,
            -78.5,
            -73.0,
            -84.0,
            -71.0,
            -100,
            -100,
            -70.0,
            -100,
            -100,
            -100,
            -79.0,
            -81.0,
            -76.5,
            -100,
            -79.0,
            -100,
            -100,
            -70.0,
            -100,
            -100,
            -69.0,
            -64.5,
            -100,
            -100,
            -100,
            -65.0,
            -54.0,
            -81.0,
            -100,
            -100,
            -100,
            -100,
            -100,
            -89.0,
            -100,
            -97.0,
            -100,
            -47.5,
            -100,
            -81.5,
            -100,
            -100,
            -100,
            -100,
            -100,
            -100,
            -100,
            -96.0,
            -65.0,
            -100,
            -85.0,
            -100,
            -82.5,
            -82.5,
            -100,
            -100,
            -100,
            -100,
            -100,
            -69.5,
            -100,
            -100,
            -69.5,
            -64.5,
            -100,
            -90.0,
            -89.0,
            -100,
            -88.0,
            -90.5,
            -100,
            -69.0,
            -100,
            -100,
            -87.0,
            -81.0,
            -100,
            -100,
            -100,
            -100,
            -90.0,
            -100,
            -82.0
        ]
    },
    {
        "name": "123",
        "vector": [
            -100,
            -100,
            -100,
            -100,
            -100,
            -100,
            -100,
            -100,
            -100,
            -69.0,
            -100,
            -100,
            -100,
            -100,
            -86.0,
            -100,
            -80.0,
            -100,
            -70.0,
            -80.5,
            -86.5,
            -100,
            -72.0,
            -100,
            -100,
            -74.5,
            -100,
            -100,
            -100,
            -100,
            -100,
            -100,
            -100,
            -100,
            -66.0,
            -51.0,
            -100,
            -100,
            -100,
            -61.0,
            -77.5,
            -80.5,
            -85.0,
            -80.5,
            -100,
            -100,
            -88.0,
            -100,
            -100,
            -100,
            -49.0,
            -100,
            -100,
            -100,
            -48.5,
            -100,
            -100,
            -71.0,
            -100,
            -89.0,
            -44.0,
            -46.0,
            -100,
            -100,
            -100,
            -86.0,
            -86.0,
            -82.0,
            -100,
            -100,
            -92.0,
            -71.0,
            -100,
            -85.0,
            -100,
            -100,
            -100,
            -55.0,
            -100,
            -85.0,
            -100,
            -100,
            -100,
            -100,
            -100,
            -100,
            -100,
            -100,
            -84.0,
            -100,
            -79.5,
            -100,
            -79.0,
            -100,
            -100,
            -100,
            -100,
            -100,
            -100,
            -61.0,
            -81.0,
            -100,
            -60.5,
            -85.0,
            -100,
            -100,
            -100,
            -100,
            -100,
            -100,
            -100,
            -78.0,
            -100,
            -100,
            -83.5,
            -100,
            -100,
            -100,
            -100,
            -100,
            -100,
            -100,
            -100
        ]
    },
    {
        "name": "122",
        "vector": [
            -100,
            -100,
            -100,
            -100,
            -100,
            -100,
            -100,
            -100,
            -100,
            -100,
            -100,
            -100,
            -100,
            -100,
            -87.0,
            -100,
            -81.0,
            -100,
            -80.0,
            -80.5,
            -88.0,
            -100,
            -76.0,
            -89.0,
            -100,
            -77.0,
            -74.0,
            -100,
            -100,
            -100,
            -100,
            -100,
            -100,
            -100,
            -39.5,
            -75.5,
            -100,
            -100,
            -100,
            -76.0,
            -51.5,
            -82.0,
            -81.0,
            -82.0,
            -100,
            -100,
            -88.5,
            -100,
            -100,
            -100,
            -48.5,
            -91.0,
            -100,
            -100,
            -48.0,
            -100,
            -100,
            -75.0,
            -100,
            -100,
            -42.5,
            -42.5,
            -100,
            -100,
            -100,
            -87.0,
            -73.0,
            -88.0,
            -100,
            -100,
            -100,
            -75.5,
            -100,
            -87.0,
            -100,
            -100,
            -90.0,
            -76.0,
            -100,
            -100,
            -100,
            -100,
            -100,
            -100,
            -100,
            -100,
            -100,
            -100,
            -82.0,
            -100,
            -81.0,
            -100,
            -81.0,
            -100,
            -100,
            -100,
            -100,
            -100,
            -100,
            -86.0,
            -100,
            -100,
            -85.0,
            -100,
            -100,
            -100,
            -93.0,
            -100,
            -100,
            -100,
            -100,
            -100,
            -100,
            -100,
            -85.5,
            -100,
            -100,
            -100,
            -100,
            -100,
            -100,
            -100,
            -100
        ]
    },
    {
        "name": "電機北門",
        "vector": [
            -100,
            -100,
            -100,
            -100,
            -100,
            -100,
            -100,
            -100,
            -100,
            -83.0,
            -100,
            -100,
            -100,
            -100,
            -90.0,
            -100,
            -83.5,
            -100,
            -100,
            -84.0,
            -88.0,
            -100,
            -79.0,
            -100,
            -100,
            -100,
            -75.0,
            -100,
            -100,
            -100,
            -100,
            -100,
            -100,
            -100,
            -69.0,
            -100,
            -100,
            -100,
            -100,
            -76.5,
            -71.0,
            -80.5,
            -100,
            -80.5,
            -100,
            -100,
            -88.0,
            -100,
            -100,
            -100,
            -56.0,
            -100,
            -100,
            -100,
            -56.0,
            -100,
            -100,
            -76.0,
            -100,
            -100,
            -51.5,
            -51.5,
            -100,
            -100,
            -100,
            -90.0,
            -100,
            -100,
            -100,
            -100,
            -100,
            -82.0,
            -100,
            -83.0,
            -100,
            -100,
            -85.0,
            -100,
            -100,
            -91.0,
            -100,
            -100,
            -100,
            -100,
            -100,
            -100,
            -100,
            -100,
            -100,
            -100,
            -77.0,
            -100,
            -77.0,
            -100,
            -100,
            -91.0,
            -100,
            -100,
            -100,
            -89.0,
            -100,
            -100,
            -88.0,
            -100,
            -100,
            -100,
            -100,
            -100,
            -100,
            -100,
            -100,
            -100,
            -100,
            -100,
            -75.0,
            -100,
            -100,
            -100,
            -100,
            -100,
            -100,
            -100,
            -100
        ]
    },
    {
        "name": "通訊正門角落",
        "vector": [
            -100,
            -100,
            -52.5,
            -52.0,
            -100,
            -52.0,
            -76.5,
            -76.0,
            -76.0,
            -100,
            -100,
            -100,
            -100,
            -64.0,
            -100,
            -63.0,
            -100,
            -64.0,
            -100,
            -100,
            -100,
            -51.5,
            -100,
            -100,
            -49.5,
            -100,
            -70.0,
            -50.5,
            -100,
            -100,
            -62.5,
            -63.0,
            -51.5,
            -64.0,
            -100,
            -100,
            -100,
            -54.0,
            -69.0,
            -100,
            -100,
            -100,
            -100,
            -100,
            -100,
            -68.0,
            -100,
            -96.0,
            -68.0,
            -53.5,
            -100,
            -100,
            -100,
            -100,
            -100,
            -100,
            -69.0,
            -100,
            -78.5,
            -100,
            -100,
            -100,
            -79.5,
            -79.0,
            -55.0,
            -100,
            -100,
            -100,
            -73.0,
            -82.0,
            -100,
            -100,
            -100,
            -100,
            -69.0,
            -82.5,
            -100,
            -100,
            -72.0,
            -100,
            -100,
            -100,
            -100,
            -71.0,
            -58.0,
            -70.0,
            -100,
            -82.5,
            -100,
            -100,
            -100,
            -100,
            -100,
            -100,
            -60.5,
            -100,
            -82.5,
            -100,
            -100,
            -100,
            -64.5,
            -71.0,
            -100,
            -100,
            -60.5,
            -100,
            -100,
            -74.0,
            -100,
            -100,
            -80.0,
            -100,
            -100,
            -93.0,
            -100,
            -100,
            -78.0,
            -79.0,
            -100,
            -78.0,
            -100,
            -78.0,
            -100
        ]
    },
    {
        "name": "通訊樓梯",
        "vector": [
            -100,
            -100,
            -42.0,
            -43.0,
            -100,
            -42.0,
            -79.0,
            -79.0,
            -79.0,
            -100,
            -100,
            -100,
            -100,
            -59.5,
            -100,
            -55.0,
            -100,
            -55.0,
            -100,
            -100,
            -100,
            -48.5,
            -100,
            -100,
            -48.5,
            -100,
            -87.0,
            -49.5,
            -100,
            -100,
            -68.0,
            -68.0,
            -67.0,
            -68.5,
            -100,
            -100,
            -71.0,
            -67.0,
            -70.5,
            -100,
            -100,
            -100,
            -100,
            -100,
            -71.0,
            -68.5,
            -100,
            -100,
            -64.5,
            -66.0,
            -100,
            -100,
            -100,
            -100,
            -100,
            -100,
            -67.0,
            -100,
            -70.5,
            -100,
            -100,
            -100,
            -70.0,
            -70.0,
            -72.0,
            -100,
            -100,
            -100,
            -63.0,
            -94.0,
            -100,
            -100,
            -100,
            -100,
            -68.0,
            -73.5,
            -100,
            -100,
            -73.0,
            -100,
            -100,
            -100,
            -100,
            -68.0,
            -74.5,
            -73.0,
            -100,
            -82.0,
            -100,
            -100,
            -100,
            -100,
            -100,
            -100,
            -71.0,
            -100,
            -75.0,
            -100,
            -100,
            -100,
            -75.0,
            -73.0,
            -100,
            -100,
            -72.0,
            -100,
            -100,
            -81.5,
            -100,
            -100,
            -91.0,
            -100,
            -100,
            -85.0,
            -100,
            -100,
            -85.0,
            -85.5,
            -100,
            -85.0,
            -100,
            -84.0,
            -100
        ]
    },
    {
        "name": "通訊垃圾",
        "vector": [
            -65.0,
            -66.0,
            -73.5,
            -72.5,
            -67.0,
            -73.0,
            -42.5,
            -42.0,
            -43.0,
            -100,
            -85.0,
            -85.0,
            -85.0,
            -79.0,
            -100,
            -79.0,
            -90.0,
            -80.0,
            -100,
            -90.0,
            -100,
            -73.0,
            -78.0,
            -100,
            -72.0,
            -100,
            -100,
            -67.0,
            -44.0,
            -100,
            -58.5,
            -58.5,
            -71.5,
            -58.5,
            -100,
            -100,
            -44.0,
            -72.5,
            -58.5,
            -100,
            -100,
            -100,
            -100,
            -100,
            -44.0,
            -58.5,
            -100,
            -100,
            -59.5,
            -72.5,
            -100,
            -100,
            -100,
            -100,
            -100,
            -80.0,
            -100,
            -100,
            -100,
            -100,
            -100,
            -100,
            -100,
            -100,
            -87.0,
            -100,
            -100,
            -100,
            -100,
            -100,
            -100,
            -100,
            -100,
            -100,
            -100,
            -77.0,
            -100,
            -100,
            -100,
            -100,
            -100,
            -100,
            -70.0,
            -100,
            -82.0,
            -100,
            -100,
            -79.0,
            -100,
            -100,
            -100,
            -100,
            -100,
            -100,
            -100,
            -100,
            -77.0,
            -100,
            -100,
            -100,
            -100,
            -100,
            -100,
            -100,
            -100,
            -100,
            -100,
            -100,
            -100,
            -100,
            -100,
            -100,
            -100,
            -100,
            -100,
            -100,
            -100,
            -100,
            -100,
            -100,
            -100,
            -100,
            -100
        ]
    },
    {
        "name": "電機側門樓梯",
        "vector": [
            -80.0,
            -80.0,
            -100,
            -100,
            -80.5,
            -100,
            -80.0,
            -80.0,
            -80.0,
            -100,
            -88.0,
            -89.0,
            -87.0,
            -100,
            -100,
            -100,
            -100,
            -100,
            -100,
            -100,
            -100,
            -100,
            -100,
            -100,
            -100,
            -100,
            -94.0,
            -100,
            -76.0,
            -84.0,
            -100,
            -100,
            -100,
            -100,
            -56.0,
            -100,
            -78.5,
            -100,
            -100,
            -100,
            -61.0,
            -100,
            -81.0,
            -100,
            -77.0,
            -100,
            -100,
            -100,
            -100,
            -100,
            -76.0,
            -100,
            -100,
            -84.0,
            -76.0,
            -90.0,
            -100,
            -81.0,
            -100,
            -100,
            -62.0,
            -75.5,
            -100,
            -100,
            -100,
            -100,
            -100,
            -100,
            -100,
            -100,
            -100,
            -78.0,
            -83.0,
            -87.5,
            -100,
            -100,
            -100,
            -100,
            -100,
            -100,
            -100,
            -87.0,
            -84.0,
            -100,
            -100,
            -100,
            -81.0,
            -100,
            -100,
            -78.0,
            -86.0,
            -76.5,
            -87.0,
            -100,
            -100,
            -100,
            -100,
            -91.0,
            -100,
            -100,
            -100,
            -100,
            -100,
            -100,
            -100,
            -100,
            -100,
            -100,
            -100,
            -100,
            -100,
            -100,
            -100,
            -100,
            -86.0,
            -100,
            -100,
            -100,
            -100,
            -100,
            -100,
            -100,
            -100
        ]
    },
    {
        "name": "藝文區",
        "vector": [
            -100,
            -100,
            -100,
            -100,
            -100,
            -100,
            -100,
            -100,
            -100,
            -68.0,
            -100,
            -100,
            -100,
            -100,
            -73.0,
            -100,
            -61.0,
            -100,
            -70.5,
            -60.5,
            -73.5,
            -100,
            -52.0,
            -54.0,
            -100,
            -52.5,
            -53.5,
            -100,
            -100,
            -100,
            -100,
            -100,
            -100,
            -100,
            -82.0,
            -68.0,
            -100,
            -100,
            -100,
            -53.0,
            -91.0,
            -71.0,
            -72.0,
            -70.5,
            -100,
            -100,
            -67.0,
            -100,
            -100,
            -100,
            -79.0,
            -69.0,
            -61.0,
            -100,
            -79.0,
            -100,
            -100,
            -69.5,
            -100,
            -100,
            -69.0,
            -75.5,
            -100,
            -100,
            -100,
            -66.0,
            -73.0,
            -68.0,
            -100,
            -76.0,
            -100,
            -60.0,
            -100,
            -84.5,
            -100,
            -100,
            -100,
            -64.5,
            -100,
            -68.0,
            -100,
            -100,
            -100,
            -100,
            -100,
            -100,
            -100,
            -100,
            -63.0,
            -100,
            -81.0,
            -100,
            -83.0,
            -100,
            -100,
            -100,
            -100,
            -100,
            -100,
            -82.5,
            -100,
            -100,
            -82.0,
            -72.0,
            -100,
            -100,
            -100,
            -91.0,
            -92.0,
            -100,
            -100,
            -75.0,
            -100,
            -100,
            -88.0,
            -80.0,
            -89.0,
            -91.0,
            -100,
            -90.0,
            -91.0,
            -100,
            -81.0
        ]
    },
    {
        "name": "自習區",
        "vector": [
            -97.0,
            -98.0,
            -100,
            -100,
            -100,
            -100,
            -100,
            -100,
            -100,
            -37.5,
            -100,
            -100,
            -100,
            -100,
            -37.0,
            -100,
            -67.0,
            -100,
            -40.0,
            -67.0,
            -37.5,
            -100,
            -62.0,
            -75.0,
            -100,
            -73.0,
            -100,
            -100,
            -100,
            -100,
            -88.0,
            -88.0,
            -100,
            -87.0,
            -75.0,
            -65.5,
            -100,
            -100,
            -100,
            -67.0,
            -100,
            -73.5,
            -89.0,
            -71.0,
            -100,
            -100,
            -74.0,
            -100,
            -100,
            -100,
            -87.0,
            -85.0,
            -78.0,
            -100,
            -85.0,
            -100,
            -100,
            -100,
            -100,
            -100,
            -70.0,
            -100,
            -100,
            -100,
            -100,
            -74.5,
            -56.0,
            -84.5,
            -100,
            -100,
            -100,
            -67.0,
            -100,
            -89.0,
            -100,
            -100,
            -100,
            -69.5,
            -100,
            -86.0,
            -100,
            -100,
            -100,
            -100,
            -100,
            -100,
            -100,
            -100,
            -70.5,
            -100,
            -83.0,
            -100,
            -83.5,
            -89.0,
            -100,
            -100,
            -100,
            -100,
            -100,
            -73.5,
            -100,
            -100,
            -73.5,
            -68.0,
            -100,
            -88.0,
            -87.0,
            -100,
            -87.0,
            -100,
            -100,
            -100,
            -100,
            -100,
            -80.0,
            -85.5,
            -100,
            -100,
            -100,
            -100,
            -92.0,
            -100,
            -85.5
        ]
    },
    {
        "name": "電機內門左",
        "vector": [
            -100,
            -86.0,
            -83.0,
            -83.0,
            -82.0,
            -83.0,
            -100,
            -100,
            -100,
            -61.0,
            -89.0,
            -88.0,
            -88.5,
            -87.0,
            -74.0,
            -87.0,
            -49.5,
            -100,
            -69.0,
            -50.0,
            -74.0,
            -81.5,
            -49.0,
            -60.0,
            -83.0,
            -49.0,
            -56.0,
            -82.0,
            -100,
            -92.0,
            -84.0,
            -82.0,
            -100,
            -83.0,
            -100,
            -54.0,
            -100,
            -100,
            -78.5,
            -56.0,
            -100,
            -63.5,
            -100,
            -63.5,
            -100,
            -80.5,
            -59.5,
            -87.0,
            -76.0,
            -100,
            -100,
            -62.5,
            -53.0,
            -100,
            -100,
            -88.0,
            -97.0,
            -100,
            -100,
            -75.0,
            -81.0,
            -79.0,
            -100,
            -100,
            -100,
            -66.0,
            -77.5,
            -61.0,
            -100,
            -100,
            -100,
            -61.0,
            -89.0,
            -87.0,
            -100,
            -88.0,
            -100,
            -55.0,
            -100,
            -61.5,
            -100,
            -100,
            -100,
            -100,
            -100,
            -100,
            -100,
            -100,
            -67.0,
            -100,
            -73.0,
            -100,
            -72.0,
            -80.0,
            -100,
            -100,
            -100,
            -100,
            -100,
            -75.0,
            -63.0,
            -100,
            -75.0,
            -73.5,
            -100,
            -83.5,
            -85.0,
            -75.0,
            -84.0,
            -84.5,
            -85.0,
            -69.0,
            -90.0,
            -83.0,
            -92.0,
            -79.5,
            -84.5,
            -84.0,
            -91.0,
            -84.5,
            -91.0,
            -100,
            -84.5
        ]
    },
    {
        "name": "電機內門右",
        "vector": [
            -100,
            -100,
            -88.0,
            -90.0,
            -100,
            -100,
            -100,
            -100,
            -100,
            -61.0,
            -100,
            -100,
            -100,
            -87.0,
            -68.0,
            -86.5,
            -50.0,
            -87.0,
            -58.0,
            -50.5,
            -65.5,
            -85.0,
            -45.0,
            -60.0,
            -86.0,
            -52.5,
            -65.5,
            -84.0,
            -100,
            -100,
            -84.0,
            -84.0,
            -100,
            -84.0,
            -87.0,
            -56.0,
            -100,
            -100,
            -77.0,
            -70.0,
            -100,
            -69.0,
            -88.0,
            -68.5,
            -100,
            -79.5,
            -68.5,
            -100,
            -82.5,
            -100,
            -85.0,
            -69.0,
            -67.0,
            -100,
            -86.5,
            -100,
            -100,
            -77.5,
            -100,
            -100,
            -100,
            -100,
            -100,
            -100,
            -100,
            -68.0,
            -71.0,
            -69.5,
            -100,
            -100,
            -87.0,
            -100,
            -100,
            -88.5,
            -100,
            -89.0,
            -100,
            -66.5,
            -100,
            -69.0,
            -100,
            -100,
            -100,
            -88.0,
            -100,
            -100,
            -100,
            -89.0,
            -69.0,
            -100,
            -77.0,
            -100,
            -77.0,
            -83.5,
            -100,
            -78.0,
            -90.0,
            -100,
            -77.0,
            -77.5,
            -69.0,
            -100,
            -78.0,
            -74.0,
            -100,
            -84.0,
            -84.0,
            -82.0,
            -89.0,
            -87.0,
            -95.0,
            -74.0,
            -100,
            -88.5,
            -90.0,
            -78.5,
            -79.0,
            -80.0,
            -100,
            -80.0,
            -89.5,
            -80.0,
            -78.5
        ]
    },
    {
        "name": "北門樓梯",
        "vector": [
            -100,
            -100,
            -100,
            -100,
            -100,
            -100,
            -100,
            -100,
            -100,
            -91.0,
            -100,
            -100,
            -100,
            -100,
            -100,
            -100,
            -100,
            -100,
            -87.0,
            -100,
            -100,
            -100,
            -86.0,
            -100,
            -100,
            -84.0,
            -93.0,
            -100,
            -100,
            -100,
            -100,
            -100,
            -100,
            -100,
            -53.0,
            -100,
            -100,
            -100,
            -100,
            -94.0,
            -63.5,
            -100,
            -100,
            -100,
            -100,
            -100,
            -100,
            -100,
            -100,
            -100,
            -67.5,
            -100,
            -100,
            -100,
            -67.5,
            -100,
            -100,
            -92.0,
            -100,
            -100,
            -64.0,
            -63.5,
            -100,
            -100,
            -100,
            -100,
            -100,
            -100,
            -100,
            -100,
            -100,
            -88.5,
            -100,
            -100,
            -100,
            -100,
            -100,
            -100,
            -100,
            -100,
            -100,
            -100,
            -100,
            -100,
            -100,
            -100,
            -100,
            -100,
            -100,
            -100,
            -100,
            -100,
            -100,
            -100,
            -100,
            -100,
            -100,
            -100,
            -100,
            -100,
            -100,
            -100,
            -100,
            -100,
            -100,
            -100,
            -100,
            -100,
            -100,
            -100,
            -100,
            -100,
            -100,
            -100,
            -84.0,
            -100,
            -100,
            -100,
            -100,
            -100,
            -100,
            -100,
            -100
        ]
    }
]