[
    {
        "name": "通訊內門",
        "vector": [
            -79.07692307692308,
            -84.38461538461539,
            -79.23076923076923,
            -78.6923076923077,
            -68.07692307692308,
            -100,
            -100,
            -100,
            -100,
            -100,
            -100,
            -100,
            -100,
            -67.92307692307692,
            -100,
            -100,
            -100,
            -80.76923076923077,
            -84.38461538461539,
            -100,
            -100,
            -81.23076923076923,
            -68.15384615384616,
            -100,
            -100,
            -100,
            -100,
            -80.38461538461539,
            -72.6923076923077,
            -100,
            -64.84615384615384,
            -100,
            -100,
            -100,
            -100,
            -82.3076923076923,
            -100,
            -100,
            -100,
            -73.0,
            -68.84615384615384,
            -73.15384615384616,
            -72.15384615384616,
            -82.53846153846153,
            -81.3076923076923,
            -82.38461538461539,
            -100,
            -100
        ]
    },
    {
        "name": "102",
        "vector": [
            -79.23076923076923,
            -84.92307692307692,
            -79.61538461538461,
            -79.38461538461539,
            -65.76923076923077,
            -100,
            -88.15384615384616,
            -87.23076923076923,
            -87.6923076923077,
            -100,
            -100,
            -100,
            -100,
            -64.53846153846153,
            -100,
            -100,
            -100,
            -100,
            -100,
            -100,
            -100,
            -100,
            -64.92307692307692,
            -100,
            -100,
            -100,
            -100,
            -100,
            -60.46153846153846,
            -100,
            -59.53846153846154,
            -100,
            -100,
            -100,
            -100,
            -100,
            -100,
            -100,
            -100,
            -86.3076923076923,
            -85.46153846153847,
            -86.92307692307692,
            -100,
            -100,
            -100,
            -100,
            -100,
            -100
        ]
    },
    {
        "name": "101",
        "vector": [
            -56.30769230769231,
            -100,
            -57.46153846153846,
            -56.84615384615385,
            -44.15384615384615,
            -100,
            -68.3076923076923,
            -68.3076923076923,
            -68.38461538461539,
            -100,
            -100,
            -76.84615384615384,
            -76.76923076923077,
            -44.23076923076923,
            -76.3076923076923,
            -100,
            -100,
            -100,
            -100,
            -100,
            -100,
            -57.92307692307692,
            -43.53846153846154,
            -100,
            -100,
            -100,
            -100,
            -56.61538461538461,
            -47.0,
            -100,
            -47.38461538461539,
            -76.23076923076923,
            -100,
            -100,
            -100,
            -56.84615384615385,
            -100,
            -100,
            -100,
            -100,
            -100,
            -100,
            -100,
            -86.92307692307692,
            -88.07692307692308,
            -88.3076923076923,
            -100,
            -100
        ]
    },
    {
        "name": "106",
        "vector": [
            -57.61538461538461,
            -100,
            -57.15384615384615,
            -57.84615384615385,
            -34.0,
            -100,
            -64.53846153846153,
            -64.3076923076923,
            -64.3076923076923,
            -100,
            -100,
            -66.76923076923077,
            -66.53846153846153,
            -34.38461538461539,
            -66.76923076923077,
            -100,
            -100,
            -100,
            -100,
            -70.84615384615384,
            -100,
            -59.15384615384615,
            -34.23076923076923,
            -68.76923076923077,
            -73.6923076923077,
            -100,
            -100,
            -60.69230769230769,
            -32.84615384615385,
            -100,
            -32.84615384615385,
            -73.0,
            -73.76923076923077,
            -100,
            -100,
            -59.84615384615385,
            -100,
            -100,
            -100,
            -100,
            -84.07692307692308,
            -100,
            -100,
            -100,
            -100,
            -100,
            -100,
            -100
        ]
    },
    {
        "name": "通訊正門角落",
        "vector": [
            -52.69230769230769,
            -100,
            -53.15384615384615,
            -53.0,
            -56.23076923076923,
            -100,
            -63.23076923076923,
            -63.30769230769231,
            -63.38461538461539,
            -100,
            -100,
            -75.07692307692308,
            -74.92307692307692,
            -56.30769230769231,
            -79.53846153846153,
            -100,
            -100,
            -100,
            -100,
            -100,
            -100,
            -53.76923076923077,
            -56.07692307692308,
            -100,
            -100,
            -100,
            -100,
            -53.69230769230769,
            -54.38461538461539,
            -100,
            -53.23076923076923,
            -100,
            -74.6923076923077,
            -100,
            -100,
            -53.38461538461539,
            -100,
            -100,
            -100,
            -100,
            -72.07692307692308,
            -100,
            -100,
            -77.61538461538461,
            -78.92307692307692,
            -77.38461538461539,
            -100,
            -100
        ]
    },
    {
        "name": "通訊正門",
        "vector": [
            -52.46153846153846,
            -100,
            -52.61538461538461,
            -52.76923076923077,
            -54.69230769230769,
            -100,
            -65.23076923076923,
            -65.3076923076923,
            -65.3076923076923,
            -100,
            -100,
            -76.76923076923077,
            -76.92307692307692,
            -54.53846153846154,
            -77.23076923076923,
            -100,
            -100,
            -100,
            -100,
            -100,
            -100,
            -53.07692307692308,
            -54.46153846153846,
            -100,
            -100,
            -100,
            -100,
            -54.15384615384615,
            -54.0,
            -100,
            -53.07692307692308,
            -75.6923076923077,
            -71.07692307692308,
            -100,
            -100,
            -53.30769230769231,
            -100,
            -100,
            -100,
            -100,
            -70.3076923076923,
            -100,
            -100,
            -78.6923076923077,
            -78.76923076923077,
            -78.61538461538461,
            -100,
            -100
        ]
    },
    {
        "name": "飲水機",
        "vector": [
            -49.53846153846154,
            -100,
            -48.46153846153846,
            -50.0,
            -70.15384615384616,
            -100,
            -72.61538461538461,
            -72.61538461538461,
            -72.46153846153847,
            -100,
            -100,
            -83.6923076923077,
            -83.53846153846153,
            -69.76923076923077,
            -84.6923076923077,
            -100,
            -100,
            -100,
            -100,
            -100,
            -100,
            -52.15384615384615,
            -69.23076923076923,
            -100,
            -100,
            -100,
            -100,
            -52.69230769230769,
            -68.76923076923077,
            -100,
            -64.6923076923077,
            -74.46153846153847,
            -76.3076923076923,
            -100,
            -100,
            -53.23076923076923,
            -100,
            -100,
            -100,
            -100,
            -100,
            -100,
            -100,
            -100,
            -100,
            -100,
            -100,
            -100
        ]
    },
    {
        "name": "通訊樓梯",
        "vector": [
            -40.46153846153846,
            -100,
            -39.92307692307692,
            -40.53846153846154,
            -56.76923076923077,
            -100,
            -65.46153846153847,
            -65.38461538461539,
            -65.07692307692308,
            -100,
            -100,
            -78.3076923076923,
            -78.07692307692308,
            -56.38461538461539,
            -78.15384615384616,
            -100,
            -100,
            -100,
            -100,
            -100,
            -100,
            -47.84615384615385,
            -55.69230769230769,
            -100,
            -100,
            -100,
            -100,
            -47.15384615384615,
            -58.53846153846154,
            -100,
            -57.69230769230769,
            -69.07692307692308,
            -69.92307692307692,
            -100,
            -100,
            -47.61538461538461,
            -100,
            -100,
            -100,
            -100,
            -86.23076923076923,
            -100,
            -100,
            -81.0,
            -82.3076923076923,
            -81.07692307692308,
            -100,
            -100
        ]
    },
    {
        "name": "108",
        "vector": [
            -35.76923076923077,
            -100,
            -35.53846153846154,
            -35.53846153846154,
            -50.92307692307692,
            -100,
            -54.92307692307692,
            -55.30769230769231,
            -54.23076923076923,
            -100,
            -100,
            -60.53846153846154,
            -60.61538461538461,
            -50.84615384615385,
            -60.53846153846154,
            -100,
            -100,
            -100,
            -100,
            -100,
            -100,
            -38.0,
            -50.23076923076923,
            -100,
            -70.38461538461539,
            -100,
            -100,
            -38.38461538461539,
            -55.46153846153846,
            -100,
            -56.69230769230769,
            -58.30769230769231,
            -57.69230769230769,
            -100,
            -100,
            -39.0,
            -100,
            -100,
            -100,
            -100,
            -85.3076923076923,
            -100,
            -100,
            -77.23076923076923,
            -78.3076923076923,
            -77.15384615384616,
            -100,
            -100
        ]
    },
    {
        "name": "105",
        "vector": [
            -58.76923076923077,
            -100,
            -58.69230769230769,
            -59.0,
            -62.84615384615385,
            -100,
            -35.46153846153846,
            -36.23076923076923,
            -35.46153846153846,
            -100,
            -100,
            -53.92307692307692,
            -53.69230769230769,
            -62.61538461538461,
            -54.0,
            -100,
            -100,
            -100,
            -100,
            -56.23076923076923,
            -100,
            -61.0,
            -62.69230769230769,
            -56.30769230769231,
            -57.23076923076923,
            -100,
            -100,
            -60.92307692307692,
            -62.61538461538461,
            -100,
            -63.92307692307692,
            -41.07692307692308,
            -39.92307692307692,
            -100,
            -100,
            -60.07692307692308,
            -100,
            -100,
            -100,
            -86.61538461538461,
            -100,
            -86.53846153846153,
            -100,
            -100,
            -100,
            -100,
            -100,
            -100
        ]
    },
    {
        "name": "通訊垃圾",
        "vector": [
            -72.0,
            -100,
            -71.61538461538461,
            -71.3076923076923,
            -75.07692307692308,
            -100,
            -56.23076923076923,
            -56.15384615384615,
            -55.30769230769231,
            -100,
            -100,
            -43.30769230769231,
            -42.84615384615385,
            -75.07692307692308,
            -42.92307692307692,
            -100,
            -100,
            -100,
            -100,
            -46.38461538461539,
            -100,
            -100,
            -73.46153846153847,
            -44.76923076923077,
            -44.23076923076923,
            -100,
            -100,
            -100,
            -100,
            -100,
            -100,
            -58.84615384615385,
            -58.84615384615385,
            -100,
            -100,
            -100,
            -100,
            -100,
            -100,
            -100,
            -100,
            -100,
            -100,
            -100,
            -100,
            -100,
            -100,
            -100
        ]
    },
    {
        "name": "電視",
        "vector": [
            -64.46153846153847,
            -100,
            -64.53846153846153,
            -64.61538461538461,
            -62.84615384615385,
            -100,
            -57.38461538461539,
            -57.92307692307692,
            -56.30769230769231,
            -100,
            -100,
            -36.30769230769231,
            -36.46153846153846,
            -62.92307692307692,
            -36.15384615384615,
            -100,
            -100,
            -100,
            -100,
            -37.0,
            -50.30769230769231,
            -68.84615384615384,
            -62.84615384615385,
            -38.07692307692308,
            -38.84615384615385,
            -100,
            -72.76923076923077,
            -65.15384615384616,
            -100,
            -83.0,
            -70.92307692307692,
            -61.0,
            -63.23076923076923,
            -100,
            -100,
            -67.6923076923077,
            -100,
            -100,
            -100,
            -100,
            -100,
            -100,
            -100,
            -100,
            -100,
            -100,
            -100,
            -100
        ]
    },
    {
        "name": "通訊側門",
        "vector": [
            -71.38461538461539,
            -100,
            -100,
            -100,
            -67.0,
            -100,
            -58.38461538461539,
            -58.76923076923077,
            -58.46153846153846,
            -100,
            -100,
            -48.23076923076923,
            -48.38461538461539,
            -66.0,
            -48.23076923076923,
            -100,
            -100,
            -100,
            -100,
            -49.23076923076923,
            -66.07692307692308,
            -70.07692307692308,
            -65.38461538461539,
            -51.0,
            -49.23076923076923,
            -100,
            -100,
            -69.61538461538461,
            -100,
            -100,
            -72.92307692307692,
            -60.76923076923077,
            -62.23076923076923,
            -100,
            -100,
            -67.46153846153847,
            -100,
            -100,
            -100,
            -100,
            -100,
            -100,
            -100,
            -100,
            -100,
            -100,
            -100,
            -100
        ]
    },
    {
        "name": "111",
        "vector": [
            -100,
            -100,
            -100,
            -100,
            -100,
            -100,
            -81.84615384615384,
            -82.0,
            -82.46153846153847,
            -100,
            -100,
            -54.69230769230769,
            -55.0,
            -100,
            -53.15384615384615,
            -100,
            -100,
            -100,
            -100,
            -58.38461538461539,
            -42.15384615384615,
            -100,
            -100,
            -57.07692307692308,
            -57.15384615384615,
            -100,
            -56.53846153846154,
            -100,
            -100,
            -83.23076923076923,
            -100,
            -100,
            -100,
            -100,
            -100,
            -100,
            -100,
            -100,
            -100,
            -100,
            -100,
            -100,
            -100,
            -100,
            -100,
            -100,
            -100,
            -100
        ]
    },
    {
        "name": "112",
        "vector": [
            -100,
            -100,
            -100,
            -100,
            -100,
            -100,
            -81.92307692307692,
            -81.92307692307692,
            -81.6923076923077,
            -100,
            -100,
            -61.69230769230769,
            -61.92307692307692,
            -100,
            -54.69230769230769,
            -100,
            -100,
            -100,
            -100,
            -62.38461538461539,
            -43.92307692307692,
            -100,
            -100,
            -64.53846153846153,
            -63.46153846153846,
            -100,
            -54.92307692307692,
            -100,
            -100,
            -79.53846153846153,
            -100,
            -100,
            -100,
            -100,
            -100,
            -100,
            -100,
            -100,
            -100,
            -100,
            -100,
            -100,
            -100,
            -100,
            -100,
            -100,
            -100,
            -100
        ]
    },
    {
        "name": "115",
        "vector": [
            -100,
            -100,
            -100,
            -100,
            -100,
            -100,
            -100,
            -100,
            -100,
            -100,
            -100,
            -60.07692307692308,
            -60.0,
            -100,
            -60.15384615384615,
            -100,
            -100,
            -100,
            -100,
            -69.15384615384616,
            -56.69230769230769,
            -100,
            -100,
            -71.46153846153847,
            -73.07692307692308,
            -100,
            -58.38461538461539,
            -100,
            -100,
            -64.61538461538461,
            -100,
            -100,
            -100,
            -100,
            -100,
            -100,
            -100,
            -100,
            -100,
            -100,
            -100,
            -100,
            -100,
            -100,
            -100,
            -100,
            -100,
            -100
        ]
    },
    {
        "name": "114",
        "vector": [
            -100,
            -100,
            -100,
            -100,
            -100,
            -100,
            -100,
            -100,
            -100,
            -100,
            -100,
            -63.69230769230769,
            -63.53846153846154,
            -100,
            -63.46153846153846,
            -100,
            -100,
            -100,
            -100,
            -100,
            -62.38461538461539,
            -100,
            -100,
            -100,
            -100,
            -100,
            -69.38461538461539,
            -100,
            -100,
            -53.69230769230769,
            -100,
            -100,
            -100,
            -100,
            -100,
            -100,
            -100,
            -100,
            -100,
            -100,
            -100,
            -100,
            -100,
            -100,
            -100,
            -100,
            -100,
            -100
        ]
    },
    {
        "name": "117",
        "vector": [
            -100,
            -100,
            -100,
            -100,
            -100,
            -100,
            -100,
            -100,
            -100,
            -100,
            -100,
            -67.6923076923077,
            -67.61538461538461,
            -100,
            -67.6923076923077,
            -100,
            -100,
            -100,
            -100,
            -60.30769230769231,
            -61.46153846153846,
            -100,
            -100,
            -60.07692307692308,
            -60.76923076923077,
            -100,
            -77.84615384615384,
            -100,
            -100,
            -66.61538461538461,
            -100,
            -100,
            -100,
            -100,
            -100,
            -100,
            -100,
            -100,
            -100,
            -100,
            -100,
            -100,
            -100,
            -100,
            -100,
            -100,
            -100,
            -100
        ]
    },
    {
        "name": "垃圾",
        "vector": [
            -100,
            -100,
            -100,
            -100,
            -100,
            -100,
            -86.53846153846153,
            -86.84615384615384,
            -86.15384615384616,
            -100,
            -100,
            -100,
            -100,
            -100,
            -100,
            -100,
            -100,
            -100,
            -100,
            -100,
            -100,
            -100,
            -100,
            -100,
            -100,
            -84.53846153846153,
            -100,
            -100,
            -100,
            -69.46153846153847,
            -100,
            -100,
            -100,
            -100,
            -100,
            -100,
            -100,
            -100,
            -100,
            -100,
            -100,
            -100,
            -100,
            -100,
            -100,
            -100,
            -100,
            -100
        ]
    },
    {
        "name": "電機側門",
        "vector": [
            -100,
            -83.46153846153847,
            -100,
            -100,
            -100,
            -83.61538461538461,
            -100,
            -100,
            -100,
            -100,
            -100,
            -100,
            -100,
            -100,
            -100,
            -77.46153846153847,
            -76.84615384615384,
            -79.84615384615384,
            -79.3076923076923,
            -100,
            -100,
            -100,
            -100,
            -100,
            -100,
            -73.15384615384616,
            -100,
            -100,
            -100,
            -100,
            -100,
            -100,
            -100,
            -100,
            -100,
            -100,
            -65.0,
            -65.6923076923077,
            -100,
            -100,
            -100,
            -100,
            -100,
            -100,
            -100,
            -100,
            -100,
            -100
        ]
    },
    {
        "name": "電機側門樓梯",
        "vector": [
            -100,
            -100,
            -100,
            -100,
            -100,
            -100,
            -100,
            -100,
            -100,
            -100,
            -100,
            -78.53846153846153,
            -79.84615384615384,
            -100,
            -80.46153846153847,
            -100,
            -100,
            -100,
            -100,
            -100,
            -80.15384615384616,
            -100,
            -100,
            -100,
            -100,
            -88.23076923076923,
            -100,
            -100,
            -100,
            -84.23076923076923,
            -100,
            -100,
            -100,
            -100,
            -100,
            -100,
            -86.0,
            -86.38461538461539,
            -100,
            -100,
            -100,
            -100,
            -100,
            -100,
            -100,
            -100,
            -100,
            -100
        ]
    },
    {
        "name": "118",
        "vector": [
            -100,
            -83.0,
            -100,
            -100,
            -100,
            -83.61538461538461,
            -100,
            -100,
            -100,
            -100,
            -100,
            -63.38461538461539,
            -63.84615384615385,
            -100,
            -63.76923076923077,
            -78.92307692307692,
            -79.15384615384616,
            -79.6923076923077,
            -79.53846153846153,
            -74.53846153846153,
            -66.46153846153847,
            -100,
            -100,
            -74.53846153846153,
            -70.61538461538461,
            -71.53846153846153,
            -78.6923076923077,
            -100,
            -100,
            -73.07692307692308,
            -100,
            -100,
            -100,
            -100,
            -100,
            -100,
            -64.46153846153847,
            -64.38461538461539,
            -100,
            -100,
            -100,
            -100,
            -100,
            -100,
            -100,
            -100,
            -100,
            -100
        ]
    },
    {
        "name": "119",
        "vector": [
            -100,
            -71.92307692307692,
            -100,
            -100,
            -100,
            -72.15384615384616,
            -100,
            -100,
            -100,
            -85.61538461538461,
            -85.0,
            -100,
            -100,
            -100,
            -100,
            -76.92307692307692,
            -74.92307692307692,
            -73.92307692307692,
            -74.07692307692308,
            -100,
            -100,
            -100,
            -100,
            -100,
            -100,
            -46.15384615384615,
            -100,
            -100,
            -100,
            -100,
            -100,
            -100,
            -100,
            -100,
            -100,
            -100,
            -51.76923076923077,
            -51.61538461538461,
            -100,
            -79.38461538461539,
            -100,
            -79.76923076923077,
            -82.53846153846153,
            -100,
            -100,
            -100,
            -100,
            -100
        ]
    },
    {
        "name": "124",
        "vector": [
            -100,
            -52.92307692307692,
            -100,
            -100,
            -100,
            -53.61538461538461,
            -100,
            -100,
            -100,
            -68.3076923076923,
            -65.38461538461539,
            -100,
            -100,
            -100,
            -100,
            -75.84615384615384,
            -76.0,
            -36.23076923076923,
            -35.76923076923077,
            -100,
            -100,
            -100,
            -100,
            -100,
            -100,
            -80.38461538461539,
            -100,
            -100,
            -100,
            -100,
            -100,
            -100,
            -100,
            -100,
            -100,
            -100,
            -67.6923076923077,
            -67.76923076923077,
            -58.92307692307692,
            -68.0,
            -81.84615384615384,
            -68.15384615384616,
            -73.15384615384616,
            -87.3076923076923,
            -87.3076923076923,
            -87.6923076923077,
            -76.3076923076923,
            -76.23076923076923
        ]
    },
    {
        "name": "120",
        "vector": [
            -100,
            -52.69230769230769,
            -100,
            -100,
            -100,
            -52.46153846153846,
            -100,
            -100,
            -100,
            -63.69230769230769,
            -63.0,
            -100,
            -100,
            -100,
            -100,
            -77.92307692307692,
            -77.92307692307692,
            -51.30769230769231,
            -50.92307692307692,
            -100,
            -100,
            -100,
            -100,
            -100,
            -100,
            -84.15384615384616,
            -100,
            -100,
            -100,
            -100,
            -100,
            -100,
            -100,
            -81.15384615384616,
            -80.84615384615384,
            -100,
            -72.07692307692308,
            -72.07692307692308,
            -61.38461538461539,
            -79.84615384615384,
            -100,
            -79.61538461538461,
            -81.15384615384616,
            -86.76923076923077,
            -100,
            -100,
            -81.92307692307692,
            -81.92307692307692
        ]
    },
    {
        "name": "藝文區",
        "vector": [
            -100,
            -58.69230769230769,
            -100,
            -100,
            -100,
            -58.53846153846154,
            -100,
            -100,
            -100,
            -69.92307692307692,
            -70.15384615384616,
            -100,
            -100,
            -100,
            -100,
            -80.61538461538461,
            -82.46153846153847,
            -66.76923076923077,
            -66.46153846153847,
            -100,
            -100,
            -100,
            -100,
            -100,
            -100,
            -100,
            -100,
            -100,
            -100,
            -100,
            -100,
            -100,
            -100,
            -79.0,
            -81.3076923076923,
            -100,
            -80.38461538461539,
            -80.84615384615384,
            -55.46153846153846,
            -100,
            -100,
            -100,
            -100,
            -100,
            -100,
            -100,
            -79.76923076923077,
            -79.92307692307692
        ]
    },
    {
        "name": "電機正門",
        "vector": [
            -100,
            -53.38461538461539,
            -100,
            -100,
            -88.92307692307692,
            -53.15384615384615,
            -87.6923076923077,
            -87.53846153846153,
            -85.61538461538461,
            -57.92307692307692,
            -57.38461538461539,
            -100,
            -100,
            -88.0,
            -100,
            -100,
            -77.15384615384616,
            -61.76923076923077,
            -62.15384615384615,
            -100,
            -100,
            -100,
            -100,
            -100,
            -100,
            -86.6923076923077,
            -100,
            -100,
            -100,
            -100,
            -100,
            -100,
            -100,
            -68.0,
            -68.38461538461539,
            -100,
            -69.3076923076923,
            -69.61538461538461,
            -46.07692307692308,
            -75.6923076923077,
            -80.92307692307692,
            -75.3076923076923,
            -80.38461538461539,
            -100,
            -100,
            -100,
            -76.53846153846153,
            -76.92307692307692
        ]
    },
    {
        "name": "電機桌",
        "vector": [
            -100,
            -50.53846153846154,
            -100,
            -100,
            -100,
            -50.07692307692308,
            -82.46153846153847,
            -82.38461538461539,
            -82.46153846153847,
            -63.46153846153846,
            -62.92307692307692,
            -100,
            -100,
            -100,
            -100,
            -69.07692307692308,
            -70.6923076923077,
            -62.23076923076923,
            -61.69230769230769,
            -100,
            -100,
            -100,
            -100,
            -100,
            -100,
            -80.07692307692308,
            -100,
            -100,
            -100,
            -100,
            -100,
            -100,
            -100,
            -77.92307692307692,
            -75.84615384615384,
            -100,
            -66.15384615384616,
            -66.23076923076923,
            -44.84615384615385,
            -79.92307692307692,
            -100,
            -80.23076923076923,
            -80.92307692307692,
            -100,
            -100,
            -100,
            -80.53846153846153,
            -80.46153846153847
        ]
    },
    {
        "name": "電機內門左",
        "vector": [
            -100,
            -48.07692307692308,
            -100,
            -100,
            -100,
            -47.53846153846154,
            -84.53846153846153,
            -85.0,
            -84.15384615384616,
            -71.61538461538461,
            -71.84615384615384,
            -100,
            -100,
            -100,
            -100,
            -100,
            -100,
            -58.69230769230769,
            -58.61538461538461,
            -100,
            -100,
            -100,
            -100,
            -100,
            -100,
            -85.76923076923077,
            -100,
            -100,
            -100,
            -100,
            -100,
            -100,
            -100,
            -74.84615384615384,
            -73.23076923076923,
            -100,
            -72.92307692307692,
            -73.84615384615384,
            -51.53846153846154,
            -76.92307692307692,
            -78.92307692307692,
            -76.6923076923077,
            -80.84615384615384,
            -100,
            -100,
            -100,
            -83.07692307692308,
            -82.3076923076923
        ]
    },
    {
        "name": "電機內門",
        "vector": [
            -87.61538461538461,
            -45.23076923076923,
            -87.23076923076923,
            -100,
            -88.53846153846153,
            -45.53846153846154,
            -78.76923076923077,
            -78.61538461538461,
            -78.38461538461539,
            -69.61538461538461,
            -69.61538461538461,
            -100,
            -100,
            -100,
            -100,
            -100,
            -100,
            -62.38461538461539,
            -62.0,
            -100,
            -100,
            -100,
            -100,
            -100,
            -100,
            -100,
            -100,
            -100,
            -100,
            -100,
            -100,
            -100,
            -100,
            -100,
            -100,
            -100,
            -75.53846153846153,
            -76.53846153846153,
            -42.38461538461539,
            -76.15384615384616,
            -74.84615384615384,
            -76.15384615384616,
            -76.23076923076923,
            -80.6923076923077,
            -81.0,
            -80.07692307692308,
            -84.46153846153847,
            -100
        ]
    },
    {
        "name": "電機內門右",
        "vector": [
            -100,
            -44.84615384615385,
            -100,
            -100,
            -100,
            -44.15384615384615,
            -86.0,
            -85.76923076923077,
            -85.76923076923077,
            -66.3076923076923,
            -66.84615384615384,
            -100,
            -100,
            -100,
            -100,
            -100,
            -100,
            -65.84615384615384,
            -66.3076923076923,
            -100,
            -100,
            -100,
            -100,
            -100,
            -100,
            -100,
            -100,
            -100,
            -100,
            -100,
            -100,
            -100,
            -100,
            -76.92307692307692,
            -74.3076923076923,
            -100,
            -77.61538461538461,
            -77.6923076923077,
            -46.30769230769231,
            -80.53846153846153,
            -85.38461538461539,
            -80.84615384615384,
            -82.46153846153847,
            -82.92307692307692,
            -82.92307692307692,
            -81.76923076923077,
            -77.53846153846153,
            -77.84615384615384
        ]
    },
    {
        "name": "121",
        "vector": [
            -100,
            -57.92307692307692,
            -100,
            -100,
            -100,
            -57.46153846153846,
            -89.07692307692308,
            -100,
            -100,
            -47.30769230769231,
            -47.92307692307692,
            -100,
            -100,
            -100,
            -100,
            -76.38461538461539,
            -76.46153846153847,
            -67.46153846153847,
            -67.3076923076923,
            -100,
            -100,
            -100,
            -100,
            -100,
            -100,
            -85.46153846153847,
            -100,
            -100,
            -100,
            -100,
            -100,
            -100,
            -100,
            -64.6923076923077,
            -64.38461538461539,
            -100,
            -75.6923076923077,
            -76.38461538461539,
            -55.0,
            -100,
            -100,
            -82.61538461538461,
            -86.07692307692308,
            -100,
            -100,
            -100,
            -82.0,
            -82.76923076923077
        ]
    },
    {
        "name": "自習區",
        "vector": [
            -100,
            -63.23076923076923,
            -100,
            -100,
            -100,
            -63.38461538461539,
            -86.76923076923077,
            -86.3076923076923,
            -87.46153846153847,
            -34.61538461538461,
            -34.84615384615385,
            -100,
            -100,
            -100,
            -100,
            -82.6923076923077,
            -82.53846153846153,
            -64.3076923076923,
            -64.46153846153847,
            -100,
            -100,
            -100,
            -100,
            -100,
            -100,
            -100,
            -100,
            -100,
            -100,
            -100,
            -100,
            -100,
            -100,
            -71.3076923076923,
            -71.38461538461539,
            -100,
            -79.61538461538461,
            -79.6923076923077,
            -61.76923076923077,
            -100,
            -100,
            -83.46153846153847,
            -100,
            -100,
            -100,
            -100,
            -81.23076923076923,
            -81.3076923076923
        ]
    },
    {
        "name": "123",
        "vector": [
            -100,
            -76.46153846153847,
            -100,
            -100,
            -100,
            -76.61538461538461,
            -100,
            -100,
            -100,
            -75.38461538461539,
            -74.76923076923077,
            -100,
            -100,
            -100,
            -100,
            -51.53846153846154,
            -52.07692307692308,
            -74.92307692307692,
            -74.76923076923077,
            -100,
            -100,
            -100,
            -100,
            -100,
            -100,
            -81.46153846153847,
            -100,
            -100,
            -100,
            -100,
            -100,
            -100,
            -100,
            -55.53846153846154,
            -55.69230769230769,
            -100,
            -69.3076923076923,
            -68.53846153846153,
            -100,
            -100,
            -100,
            -100,
            -100,
            -100,
            -100,
            -100,
            -100,
            -100
        ]
    },
    {
        "name": "122",
        "vector": [
            -100,
            -78.53846153846153,
            -100,
            -100,
            -100,
            -78.6923076923077,
            -100,
            -100,
            -100,
            -86.92307692307692,
            -86.23076923076923,
            -100,
            -100,
            -100,
            -100,
            -43.30769230769231,
            -43.38461538461539,
            -78.23076923076923,
            -78.23076923076923,
            -100,
            -100,
            -100,
            -100,
            -100,
            -100,
            -84.23076923076923,
            -100,
            -100,
            -100,
            -100,
            -100,
            -100,
            -100,
            -83.92307692307692,
            -84.0,
            -100,
            -74.23076923076923,
            -74.0,
            -100,
            -100,
            -100,
            -100,
            -100,
            -100,
            -100,
            -100,
            -100,
            -100
        ]
    },
    {
        "name": "北門樓梯",
        "vector": [
            -100,
            -100,
            -100,
            -100,
            -100,
            -100,
            -100,
            -100,
            -100,
            -100,
            -100,
            -100,
            -100,
            -100,
            -100,
            -67.61538461538461,
            -67.61538461538461,
            -100,
            -100,
            -100,
            -100,
            -100,
            -100,
            -100,
            -100,
            -100,
            -100,
            -100,
            -100,
            -100,
            -100,
            -100,
            -100,
            -100,
            -100,
            -100,
            -100,
            -100,
            -100,
            -100,
            -100,
            -100,
            -100,
            -100,
            -100,
            -100,
            -100,
            -100
        ]
    },
    {
        "name": "電機北門",
        "vector": [
            -100,
            -82.53846153846153,
            -100,
            -100,
            -100,
            -82.6923076923077,
            -100,
            -100,
            -100,
            -100,
            -89.23076923076923,
            -100,
            -100,
            -100,
            -100,
            -55.23076923076923,
            -55.30769230769231,
            -77.0,
            -77.38461538461539,
            -100,
            -100,
            -100,
            -100,
            -100,
            -100,
            -79.76923076923077,
            -100,
            -100,
            -100,
            -100,
            -100,
            -100,
            -100,
            -85.84615384615384,
            -86.07692307692308,
            -100,
            -71.6923076923077,
            -71.76923076923077,
            -100,
            -100,
            -100,
            -100,
            -100,
            -100,
            -100,
            -100,
            -100,
            -100
        ]
    }
]