[
    {
        "name": "通訊內門",
        "vector": [
            -73.41666666666667,
            -82.17391304347827,
            -81.91304347826087,
            -100,
            -100,
            -70.9047619047619,
            -100,
            -77.65,
            -73.95652173913044,
            -100,
            -100,
            -100,
            -100,
            -100,
            -100,
            -100,
            -100,
            -100,
            -84.45,
            -84.05263157894737,
            -100,
            -100
        ]
    },
    {
        "name": "102",
        "vector": [
            -67.29166666666667,
            -80.58333333333333,
            -80.79166666666667,
            -81.94736842105263,
            -100,
            -59.14285714285715,
            -100,
            -77.4,
            -67.1304347826087,
            -100,
            -100,
            -100,
            -100,
            -100,
            -100,
            -100,
            -100,
            -100,
            -100,
            -100,
            -100,
            -100
        ]
    },
    {
        "name": "101",
        "vector": [
            -47.70833333333334,
            -62.75,
            -63.16666666666666,
            -50.79166666666666,
            -83.04545454545455,
            -51.0,
            -100,
            -61.65217391304348,
            -46.73913043478261,
            -82.9,
            -83.0,
            -100,
            -100,
            -100,
            -100,
            -100,
            -100,
            -100,
            -100,
            -100,
            -100,
            -100
        ]
    },
    {
        "name": "106",
        "vector": [
            -36.54166666666666,
            -58.04166666666666,
            -58.08333333333334,
            -60.45833333333334,
            -100,
            -37.0,
            -100,
            -60.8695652173913,
            -36.39130434782609,
            -72.57894736842105,
            -72.21052631578948,
            -100,
            -100,
            -100,
            -100,
            -100,
            -100,
            -100,
            -100,
            -100,
            -100,
            -100
        ]
    },
    {
        "name": "通訊正門",
        "vector": [
            -57.04166666666666,
            -53.29166666666666,
            -53.25,
            -70.22727272727273,
            -80.0,
            -56.08333333333334,
            -66.5,
            -54.91666666666666,
            -57.08695652173913,
            -80.7,
            -80.42857142857143,
            -100,
            -100,
            -100,
            -100,
            -100,
            -100,
            -100,
            -100,
            -100,
            -100,
            -100
        ]
    },
    {
        "name": "飲水機",
        "vector": [
            -69.83333333333333,
            -50.79166666666666,
            -50.79166666666666,
            -79.9047619047619,
            -81.38095238095238,
            -66.5909090909091,
            -71.23809523809524,
            -52.33333333333334,
            -69.3913043478261,
            -100,
            -100,
            -100,
            -100,
            -100,
            -100,
            -100,
            -100,
            -100,
            -100,
            -100,
            -100,
            -100
        ]
    },
    {
        "name": "108",
        "vector": [
            -53.5,
            -36.08333333333334,
            -36.0,
            -72.5,
            -84.5909090909091,
            -57.79166666666666,
            -71.85,
            -37.95833333333334,
            -53.45833333333334,
            -71.05263157894737,
            -70.65,
            -100,
            -100,
            -100,
            -100,
            -100,
            -100,
            -100,
            -100,
            -100,
            -100,
            -100
        ]
    },
    {
        "name": "105",
        "vector": [
            -61.33333333333334,
            -54.54166666666666,
            -54.1304347826087,
            -78.0,
            -100,
            -60.83333333333334,
            -100,
            -56.21739130434783,
            -61.16666666666666,
            -62.0,
            -62.08333333333334,
            -100,
            -100,
            -100,
            -100,
            -100,
            -100,
            -100,
            -100,
            -100,
            -100,
            -100
        ]
    },
    {
        "name": "電視",
        "vector": [
            -61.58333333333334,
            -62.04166666666666,
            -61.70833333333334,
            -100,
            -100,
            -63.22727272727273,
            -100,
            -61.54166666666666,
            -61.54166666666666,
            -41.91666666666666,
            -41.47826086956522,
            -53.13636363636363,
            -100,
            -100,
            -100,
            -100,
            -100,
            -100,
            -100,
            -100,
            -100,
            -100
        ]
    },
    {
        "name": "通訊側門",
        "vector": [
            -68.45833333333333,
            -69.82608695652173,
            -69.1304347826087,
            -100,
            -100,
            -66.14285714285714,
            -100,
            -69.15,
            -68.25,
            -100,
            -100,
            -64.9090909090909,
            -100,
            -100,
            -100,
            -100,
            -100,
            -100,
            -100,
            -100,
            -100,
            -100
        ]
    },
    {
        "name": "111",
        "vector": [
            -100,
            -100,
            -100,
            -100,
            -100,
            -100,
            -100,
            -100,
            -100,
            -56.78260869565217,
            -56.40909090909091,
            -41.95652173913044,
            -100,
            -100,
            -100,
            -100,
            -100,
            -100,
            -100,
            -100,
            -100,
            -100
        ]
    },
    {
        "name": "112",
        "vector": [
            -100,
            -100,
            -100,
            -100,
            -100,
            -100,
            -100,
            -100,
            -100,
            -60.1,
            -60.25,
            -46.26086956521739,
            -100,
            -100,
            -100,
            -100,
            -100,
            -100,
            -100,
            -100,
            -100,
            -100
        ]
    },
    {
        "name": "115",
        "vector": [
            -100,
            -100,
            -100,
            -100,
            -100,
            -100,
            -100,
            -100,
            -100,
            -65.5,
            -65.6,
            -55.69565217391305,
            -61.76190476190476,
            -100,
            -100,
            -100,
            -100,
            -100,
            -100,
            -100,
            -100,
            -100
        ]
    },
    {
        "name": "114",
        "vector": [
            -100,
            -100,
            -100,
            -100,
            -100,
            -100,
            -100,
            -100,
            -100,
            -68.14285714285714,
            -68.05,
            -60.61111111111111,
            -50.08695652173913,
            -81.76190476190476,
            -100,
            -100,
            -100,
            -100,
            -100,
            -100,
            -100,
            -100
        ]
    },
    {
        "name": "117",
        "vector": [
            -100,
            -100,
            -100,
            -100,
            -100,
            -100,
            -100,
            -100,
            -100,
            -68.66666666666667,
            -69.3157894736842,
            -63.9,
            -63.7,
            -83.77272727272727,
            -68.0909090909091,
            -100,
            -100,
            -100,
            -100,
            -100,
            -100,
            -100
        ]
    },
    {
        "name": "垃圾",
        "vector": [
            -100,
            -100,
            -100,
            -100,
            -100,
            -100,
            -100,
            -100,
            -100,
            -100,
            -100,
            -100,
            -66.95,
            -79.81818181818181,
            -100,
            -80.5,
            -100,
            -100,
            -100,
            -100,
            -100,
            -100
        ]
    },
    {
        "name": "電機側門",
        "vector": [
            -100,
            -100,
            -100,
            -100,
            -100,
            -100,
            -100,
            -100,
            -100,
            -100,
            -100,
            -100,
            -100,
            -100,
            -84.0,
            -79.19047619047619,
            -100,
            -100,
            -100,
            -100,
            -82.45,
            -82.55
        ]
    },
    {
        "name": "118",
        "vector": [
            -100,
            -100,
            -100,
            -100,
            -100,
            -100,
            -100,
            -100,
            -100,
            -67.66666666666667,
            -66.5,
            -66.19047619047619,
            -100,
            -100,
            -67.21739130434783,
            -74.21739130434783,
            -100,
            -69.10526315789474,
            -100,
            -100,
            -78.5,
            -78.63157894736842
        ]
    },
    {
        "name": "119",
        "vector": [
            -100,
            -100,
            -100,
            -100,
            -100,
            -100,
            -100,
            -100,
            -100,
            -100,
            -100,
            -100,
            -100,
            -100,
            -100,
            -45.04347826086956,
            -43.39130434782609,
            -59.95652173913044,
            -100,
            -100,
            -74.85,
            -75.42105263157895
        ]
    },
    {
        "name": "120",
        "vector": [
            -100,
            -100,
            -100,
            -100,
            -100,
            -100,
            -100,
            -100,
            -100,
            -100,
            -100,
            -100,
            -100,
            -100,
            -100,
            -85.57142857142857,
            -100,
            -100,
            -81.77272727272727,
            -81.5909090909091,
            -100,
            -75.85714285714286
        ]
    },
    {
        "name": "124",
        "vector": [
            -100,
            -100,
            -100,
            -100,
            -100,
            -100,
            -100,
            -100,
            -100,
            -100,
            -100,
            -100,
            -100,
            -100,
            -100,
            -80.16666666666667,
            -100,
            -100,
            -74.0,
            -73.72727272727273,
            -100,
            -100
        ]
    },
    {
        "name": "電機正門",
        "vector": [
            -100,
            -100,
            -100,
            -100,
            -100,
            -100,
            -100,
            -100,
            -100,
            -100,
            -100,
            -100,
            -100,
            -100,
            -100,
            -100,
            -100,
            -100,
            -74.69565217391305,
            -74.47826086956522,
            -100,
            -77.33333333333333
        ]
    },
    {
        "name": "電機桌",
        "vector": [
            -100,
            -100,
            -100,
            -100,
            -100,
            -100,
            -100,
            -100,
            -100,
            -100,
            -100,
            -100,
            -100,
            -100,
            -100,
            -84.4090909090909,
            -100,
            -100,
            -80.19047619047619,
            -79.71428571428571,
            -62.7,
            -62.72727272727273
        ]
    },
    {
        "name": "電機內門",
        "vector": [
            -100,
            -100,
            -84.94444444444444,
            -100,
            -100,
            -100,
            -100,
            -100,
            -100,
            -100,
            -100,
            -100,
            -100,
            -100,
            -100,
            -100,
            -100,
            -100,
            -82.9,
            -82.1,
            -100,
            -100
        ]
    },
    {
        "name": "121",
        "vector": [
            -100,
            -100,
            -100,
            -100,
            -100,
            -100,
            -100,
            -100,
            -100,
            -100,
            -100,
            -100,
            -100,
            -100,
            -100,
            -85.38888888888889,
            -100,
            -100,
            -82.86363636363636,
            -82.86363636363636,
            -76.66666666666667,
            -77.45
        ]
    },
    {
        "name": "123",
        "vector": [
            -100,
            -100,
            -100,
            -100,
            -100,
            -100,
            -100,
            -100,
            -100,
            -100,
            -100,
            -100,
            -100,
            -100,
            -100,
            -79.73684210526316,
            -100,
            -100,
            -100,
            -100,
            -56.56521739130435,
            -56.1304347826087
        ]
    },
    {
        "name": "122",
        "vector": [
            -100,
            -100,
            -100,
            -100,
            -100,
            -100,
            -100,
            -100,
            -100,
            -100,
            -100,
            -100,
            -100,
            -100,
            -100,
            -84.78947368421052,
            -100,
            -100,
            -100,
            -100,
            -49.39130434782609,
            -48.30434782608695
        ]
    },
    {
        "name": "電機北門",
        "vector": [
            -100,
            -100,
            -100,
            -100,
            -100,
            -100,
            -100,
            -100,
            -100,
            -100,
            -100,
            -100,
            -100,
            -100,
            -100,
            -100,
            -100,
            -100,
            -100,
            -100,
            -58.08695652173913,
            -58.0
        ]
    }
]