[
    {
        "samplePoint": "通訊內門",
        "vector": [
            -91.0,
            -81.15789473684211,
            -82.06666666666666,
            -89.0,
            -86.26666666666667,
            -78.45,
            -78.33333333333333,
            -100,
            -100,
            -90.0,
            -87.75,
            -87.33333333333333,
            -79.83333333333333,
            -79.77777777777777,
            -86.92307692307692,
            -79.57142857142857,
            -87.6923076923077,
            -80.2,
            -100,
            -71.45454545454545,
            -100,
            -89.75,
            -100,
            -70.91304347826087,
            -72.04347826086956,
            -71.8695652173913,
            -69.41666666666667,
            -75.95,
            -100,
            -80.3913043478261,
            -80.3913043478261,
            -83.38888888888889,
            -77.0,
            -77.04545454545455,
            -79.86666666666666,
            -81.3,
            -86.63636363636364
        ]
    },
    {
        "samplePoint": "102",
        "coordinateX": 1052,
        "coordinateY": 639,
        "vector": [
            -100,
            -81.9090909090909,
            -82.08333333333333,
            -100,
            -87.0,
            -86.91666666666667,
            -86.75,
            -100,
            -100,
            -100,
            -85.92307692307692,
            -85.76923076923077,
            -88.5,
            -89.16666666666667,
            -100,
            -78.85714285714286,
            -100,
            -88.2,
            -100,
            -85.85714285714286,
            -100,
            -100,
            -100,
            -86.4,
            -86.92307692307692,
            -86.42857142857143,
            -81.6470588235294,
            -85.25,
            -100,
            -88.33333333333333,
            -88.5,
            -87.0,
            -87.77777777777777,
            -87.25,
            -84.88888888888889,
            -85.0,
            -100
        ]
    },
    {
        "samplePoint": "101",
        "coordinateX": 1048.5,
        "coordinateY": 285.5,
        "vector": [
            -90.0,
            -86.57142857142857,
            -85.33333333333333,
            -100,
            -72.58333333333333,
            -100,
            -100,
            -100,
            -100,
            -100,
            -55.625,
            -55.79166666666666,
            -100,
            -90.0,
            -100,
            -100,
            -100,
            -87.0,
            -100,
            -88.66666666666667,
            -100,
            -100,
            -86.14285714285714,
            -88.42857142857143,
            -88.14285714285714,
            -87.33333333333333,
            -87.58333333333333,
            -82.0,
            -100,
            -88.0,
            -87.61538461538461,
            -100,
            -100,
            -100,
            -85.9,
            -100,
            -88.0
        ]
    },
    {
        "samplePoint": "106",
        "coordinateX": 1179,
        "coordinateY": 512,
        "vector": [
            -100,
            -100,
            -100,
            -100,
            -68.16666666666667,
            -100,
            -100,
            -100,
            -100,
            -100,
            -66.79166666666667,
            -66.58333333333333,
            -91.0,
            -90.0,
            -100,
            -100,
            -100,
            -100,
            -100,
            -100,
            -100,
            -100,
            -87.33333333333333,
            -100,
            -89.0,
            -89.0,
            -82.05263157894737,
            -79.38888888888889,
            -100,
            -82.75,
            -82.91666666666667,
            -100,
            -100,
            -100,
            -83.9375,
            -87.0,
            -86.0
        ]
    },
    {
        "samplePoint": "通訊正門",
        "coordinateX": 1293,
        "coordinateY": 260,
        "vector": [
            -85.66666666666667,
            -100,
            -100,
            -100,
            -69.21739130434783,
            -91.0,
            -91.5,
            -88.0,
            -100,
            -100,
            -71.42857142857143,
            -71.5909090909091,
            -100,
            -100,
            -94.0,
            -86.0,
            -100,
            -100,
            -100,
            -89.66666666666667,
            -100,
            -100,
            -85.42857142857143,
            -89.57142857142857,
            -89.25,
            -89.25,
            -72.69565217391305,
            -70.63636363636364,
            -100,
            -78.23809523809524,
            -78.75,
            -87.0,
            -100,
            -100,
            -75.9090909090909,
            -100,
            -85.0
        ]
    },
    {
        "samplePoint": "飲水機",
        "coordinateX": 1455,
        "coordinateY": 297,
        "vector": [
            -90.0,
            -100,
            -100,
            -100,
            -73.5,
            -87.5,
            -88.0,
            -100,
            -100,
            -100,
            -84.77777777777777,
            -84.5,
            -100,
            -100,
            -93.0,
            -100,
            -100,
            -95.0,
            -100,
            -89.0,
            -100,
            -100,
            -83.07692307692308,
            -89.0,
            -90.0,
            -89.6,
            -86.0,
            -78.42105263157895,
            -100,
            -86.25,
            -85.21428571428571,
            -86.5,
            -100,
            -100,
            -85.5,
            -100,
            -84.84615384615384
        ]
    },
    {
        "samplePoint": "108",
        "coordinateX": 1650,
        "coordinateY": 511,
        "vector": [
            -87.45454545454545,
            -91.0,
            -90.0,
            -100,
            -61.25,
            -88.375,
            -89.44444444444444,
            -100,
            -100,
            -100,
            -74.81818181818181,
            -74.95652173913044,
            -87.71428571428571,
            -88.11111111111111,
            -87.0,
            -89.0,
            -100,
            -87.5,
            -100,
            -88.0,
            -100,
            -100,
            -83.3,
            -88.08333333333333,
            -87.0,
            -87.64285714285714,
            -79.65,
            -65.73913043478261,
            -100,
            -72.9090909090909,
            -72.9090909090909,
            -90.5,
            -100,
            -100,
            -83.71428571428571,
            -86.5,
            -88.22222222222223
        ]
    },
    {
        "samplePoint": "105",
        "coordinateX": 2052,
        "coordinateY": 447,
        "vector": [
            -80.85,
            -87.92857142857143,
            -87.6470588235294,
            -100,
            -39.04166666666666,
            -87.3076923076923,
            -87.0,
            -87.72727272727273,
            -100,
            -100,
            -83.57142857142857,
            -81.21428571428571,
            -89.0,
            -90.0,
            -87.1,
            -82.66666666666667,
            -87.0,
            -86.0,
            -100,
            -87.0909090909091,
            -100,
            -92.0,
            -62.75,
            -87.0,
            -87.38461538461539,
            -86.91666666666667,
            -87.55555555555556,
            -82.27272727272727,
            -100,
            -87.3157894736842,
            -86.77777777777777,
            -84.1875,
            -100,
            -100,
            -79.0,
            -85.5,
            -83.94444444444444
        ]
    },
    {
        "samplePoint": "電視",
        "coordinateX": 2823,
        "coordinateY": 446,
        "vector": [
            -54.1304347826087,
            -100,
            -100,
            -100,
            -58.26086956521739,
            -100,
            -100,
            -70.77272727272727,
            -100,
            -84.3,
            -85.875,
            -85.7,
            -100,
            -100,
            -87.71428571428571,
            -100,
            -85.125,
            -100,
            -100,
            -100,
            -100,
            -86.72727272727273,
            -84.0,
            -100,
            -100,
            -100,
            -80.0,
            -87.0,
            -100,
            -100,
            -100,
            -100,
            -100,
            -100,
            -79.0,
            -100,
            -100
        ]
    },
    {
        "samplePoint": "通訊側門",
        "coordinateX": 3135,
        "coordinateY": 477,
        "vector": [
            -70.0952380952381,
            -100,
            -100,
            -100,
            -62.95238095238095,
            -100,
            -100,
            -72.38095238095238,
            -100,
            -89.75,
            -87.71428571428571,
            -87.0,
            -100,
            -100,
            -100,
            -100,
            -100,
            -100,
            -100,
            -100,
            -100,
            -100,
            -82.66666666666667,
            -100,
            -100,
            -100,
            -80.0,
            -86.33333333333333,
            -100,
            -100,
            -100,
            -100,
            -100,
            -100,
            -79.0,
            -100,
            -100
        ]
    },
    {
        "samplePoint": "111",
        "coordinateX": 2854,
        "coordinateY": 837,
        "vector": [
            -39.56521739130435,
            -100,
            -100,
            -100,
            -82.66666666666667,
            -100,
            -100,
            -58.08695652173913,
            -100,
            -81.76190476190476,
            -100,
            -100,
            -100,
            -100,
            -81.57894736842105,
            -100,
            -76.83333333333333,
            -87.4,
            -100,
            -100,
            -100,
            -84.44444444444444,
            -87.0,
            -100,
            -100,
            -100,
            -100,
            -79.66666666666667,
            -100,
            -100,
            -100,
            -100,
            -100,
            -100,
            -100,
            -87.66666666666667,
            -100
        ]
    },
    {
        "samplePoint": "112",
        "coordinateX": 2782,
        "coordinateY": 985,
        "vector": [
            -45.1304347826087,
            -100,
            -100,
            -100,
            -77.82352941176471,
            -100,
            -100,
            -56.90909090909091,
            -100,
            -74.72727272727273,
            -100,
            -100,
            -100,
            -100,
            -76.76190476190476,
            -100,
            -72.73684210526316,
            -85.0,
            -100,
            -100,
            -100,
            -81.0,
            -84.0,
            -100,
            -100,
            -91.0,
            -86.33333333333333,
            -84.77777777777777,
            -100,
            -89.0,
            -88.0,
            -89.0,
            -100,
            -100,
            -100,
            -85.5,
            -100
        ]
    },
    {
        "samplePoint": "115",
        "coordinateX": 2854,
        "coordinateY": 1407,
        "vector": [
            -60.21739130434783,
            -100,
            -100,
            -100,
            -87.125,
            -100,
            -100,
            -60.78260869565217,
            -100,
            -65.45454545454545,
            -100,
            -100,
            -100,
            -100,
            -68.68181818181819,
            -100,
            -62.26086956521739,
            -100,
            -100,
            -100,
            -100,
            -69.30434782608695,
            -100,
            -100,
            -100,
            -100,
            -100,
            -87.66666666666667,
            -100,
            -100,
            -100,
            -80.47619047619048,
            -100,
            -100,
            -100,
            -100,
            -100
        ]
    },
    {
        "samplePoint": "114",
        "coordinateX": 2780,
        "coordinateY": 1541,
        "vector": [
            -66.54545454545455,
            -100,
            -100,
            -100,
            -100,
            -100,
            -100,
            -71.86363636363636,
            -100,
            -55.45454545454545,
            -100,
            -100,
            -100,
            -100,
            -55.78260869565217,
            -100,
            -69.27272727272727,
            -100,
            -100,
            -100,
            -100,
            -72.4090909090909,
            -100,
            -100,
            -100,
            -100,
            -100,
            -84.33333333333333,
            -100,
            -100,
            -100,
            -74.75,
            -100,
            -100,
            -100,
            -100,
            -100
        ]
    },
    {
        "samplePoint": "117",
        "coordinateX": 2854,
        "coordinateY": 1871,
        "vector": [
            -70.13636363636364,
            -100,
            -100,
            -100,
            -88.25,
            -100,
            -100,
            -76.9,
            -100,
            -65.95454545454545,
            -100,
            -100,
            -100,
            -100,
            -75.81818181818181,
            -81.75,
            -80.95238095238095,
            -100,
            -91.0,
            -100,
            -88.0,
            -86.46666666666667,
            -86.0,
            -100,
            -100,
            -100,
            -85.0,
            -100,
            -100,
            -100,
            -100,
            -83.73684210526316,
            -100,
            -100,
            -100,
            -100,
            -100
        ]
    },
    {
        "samplePoint": "垃圾",
        "coordinateX": 2433,
        "coordinateY": 1692,
        "vector": [
            -86.71428571428571,
            -100,
            -100,
            -100,
            -84.93333333333334,
            -100,
            -100,
            -83.64285714285714,
            -100,
            -69.5909090909091,
            -100,
            -100,
            -100,
            -100,
            -74.9090909090909,
            -75.28571428571429,
            -83.14285714285714,
            -100,
            -89.5,
            -100,
            -89.5,
            -87.25,
            -85.6,
            -100,
            -100,
            -100,
            -90.14285714285714,
            -88.0,
            -100,
            -88.0,
            -90.0,
            -76.52380952380952,
            -88.66666666666667,
            -88.77777777777777,
            -100,
            -100,
            -100
        ]
    },
    {
        "samplePoint": "電機側門",
        "coordinateX": 3131,
        "coordinateY": 2092,
        "vector": [
            -90.0,
            -85.71428571428571,
            -85.06666666666666,
            -86.75,
            -100,
            -84.05263157894737,
            -82.83333333333333,
            -90.5,
            -87.0,
            -86.45454545454545,
            -100,
            -100,
            -90.0,
            -89.0,
            -80.0,
            -81.22222222222223,
            -87.0,
            -100,
            -72.25,
            -90.33333333333333,
            -73.15,
            -100,
            -100,
            -86.66666666666667,
            -88.5,
            -88.0,
            -100,
            -100,
            -88.0,
            -100,
            -100,
            -84.0,
            -89.0,
            -90.0,
            -100,
            -100,
            -100
        ]
    },
    {
        "samplePoint": "118",
        "coordinateX": 2878,
        "coordinateY": 2108,
        "vector": [
            -68.80952380952381,
            -81.65,
            -81.27777777777777,
            -87.16666666666667,
            -100,
            -77.3157894736842,
            -77.10526315789474,
            -79.38888888888889,
            -85.33333333333333,
            -78.04545454545455,
            -100,
            -100,
            -88.0,
            -88.66666666666667,
            -82.0,
            -69.5,
            -83.13333333333334,
            -100,
            -65.95652173913044,
            -87.1,
            -66.34782608695652,
            -87.18181818181819,
            -100,
            -87.0,
            -88.25,
            -87.66666666666667,
            -100,
            -100,
            -100,
            -100,
            -100,
            -86.5,
            -89.5,
            -90.66666666666667,
            -100,
            -100,
            -100
        ]
    },
    {
        "samplePoint": "119",
        "coordinateX": 2378,
        "coordinateY": 2106,
        "vector": [
            -100,
            -73.19047619047619,
            -72.57894736842105,
            -83.54545454545455,
            -100,
            -72.61904761904762,
            -72.14285714285714,
            -100,
            -86.5,
            -91.0,
            -100,
            -100,
            -90.0,
            -87.6,
            -94.0,
            -57.6875,
            -100,
            -97.0,
            -54.04347826086956,
            -77.38888888888889,
            -53.73913043478261,
            -100,
            -100,
            -78.73684210526316,
            -83.36363636363636,
            -82.44444444444444,
            -100,
            -100,
            -86.5,
            -100,
            -100,
            -87.0,
            -82.23076923076923,
            -82.44444444444444,
            -100,
            -100,
            -100
        ]
    },
    {
        "samplePoint": "120",
        "coordinateX": 1641,
        "coordinateY": 2217,
        "vector": [
            -100,
            -56.0,
            -56.90909090909091,
            -66.55555555555556,
            -89.57142857142857,
            -54.78260869565217,
            -56.0,
            -100,
            -83.07142857142857,
            -100,
            -100,
            -100,
            -78.1875,
            -76.72222222222223,
            -100,
            -88.0,
            -100,
            -75.84615384615384,
            -75.35,
            -76.6842105263158,
            -75.22222222222223,
            -100,
            -100,
            -77.25,
            -77.82352941176471,
            -75.8,
            -85.44444444444444,
            -83.66666666666667,
            -83.57894736842105,
            -84.23529411764706,
            -84.0,
            -100,
            -84.75,
            -84.55555555555556,
            -88.0,
            -91.0,
            -87.33333333333333
        ]
    },
    {
        "samplePoint": "124",
        "coordinateX": 1772,
        "coordinateY": 1972,
        "vector": [
            -100,
            -55.09090909090909,
            -55.27272727272727,
            -68.93333333333334,
            -88.27777777777777,
            -41.59090909090909,
            -41.72727272727273,
            -100,
            -84.2,
            -100,
            -100,
            -100,
            -79.57142857142857,
            -79.07692307692308,
            -100,
            -82.71428571428571,
            -100,
            -69.41176470588235,
            -70.42105263157895,
            -65.76190476190476,
            -69.27777777777777,
            -100,
            -100,
            -65.9047619047619,
            -68.45,
            -69.3529411764706,
            -78.45,
            -81.0,
            -85.4,
            -80.3529411764706,
            -80.66666666666667,
            -85.7,
            -76.6,
            -78.10526315789474,
            -83.33333333333333,
            -86.0,
            -87.8
        ]
    },
    {
        "samplePoint": "電機正門",
        "coordinateX": 1360,
        "coordinateY": 2430,
        "vector": [
            -100,
            -58.61904761904762,
            -59.18181818181818,
            -60.70588235294117,
            -85.75,
            -63.17391304347826,
            -62.73913043478261,
            -100,
            -84.0,
            -100,
            -100,
            -100,
            -65.66666666666667,
            -65.76190476190476,
            -100,
            -88.0,
            -100,
            -75.55555555555556,
            -75.3,
            -75.55555555555556,
            -75.41176470588235,
            -100,
            -100,
            -76.19047619047619,
            -79.19047619047619,
            -79.23529411764706,
            -83.3076923076923,
            -80.63636363636364,
            -78.15789473684211,
            -83.0,
            -83.1,
            -100,
            -86.44444444444444,
            -86.6,
            -85.0,
            -87.25,
            -88.0
        ]
    },
    {
        "samplePoint": "電機桌",
        "coordinateX": 1167,
        "coordinateY": 2033,
        "vector": [
            -88.0,
            -51.3,
            -51.15,
            -64.61111111111111,
            -84.41176470588235,
            -65.72727272727273,
            -65.72727272727273,
            -92.0,
            -79.5625,
            -100,
            -100,
            -100,
            -72.78947368421052,
            -72.11111111111111,
            -90.0,
            -87.0,
            -100,
            -72.6,
            -71.21052631578948,
            -79.6470588235294,
            -71.57894736842105,
            -100,
            -85.0,
            -80.0,
            -81.57894736842105,
            -81.05882352941177,
            -79.36842105263158,
            -76.81818181818181,
            -86.375,
            -82.52631578947368,
            -82.94736842105263,
            -100,
            -84.81818181818181,
            -86.16666666666667,
            -87.14285714285714,
            -90.0,
            -84.84615384615384
        ]
    },
    {
        "samplePoint": "電機內門",
        "coordinateX": 1349,
        "coordinateY": 1846,
        "vector": [
            -84.3076923076923,
            -46.31818181818182,
            -46.27272727272727,
            -66.86666666666666,
            -79.81818181818181,
            -65.22727272727273,
            -65.45454545454545,
            -91.0,
            -100,
            -100,
            -100,
            -100,
            -74.42857142857143,
            -75.11111111111111,
            -90.0,
            -86.0,
            -91.5,
            -67.66666666666667,
            -74.80952380952381,
            -74.15,
            -73.76470588235294,
            -100,
            -83.0,
            -74.45454545454545,
            -77.9047619047619,
            -77.3157894736842,
            -75.27272727272727,
            -74.75,
            -84.33333333333333,
            -78.25,
            -78.35,
            -86.5,
            -85.0,
            -84.27272727272727,
            -81.22222222222223,
            -83.07142857142857,
            -83.5625
        ]
    },
    {
        "samplePoint": "121",
        "coordinateX": 1060,
        "coordinateY": 2204,
        "vector": [
            -92.0,
            -61.61904761904762,
            -61.75,
            -47.05555555555556,
            -87.08333333333333,
            -67.42857142857143,
            -67.26086956521739,
            -100,
            -80.58333333333333,
            -100,
            -100,
            -100,
            -64.73913043478261,
            -64.68181818181819,
            -100,
            -74.0,
            -100,
            -82.11111111111111,
            -79.44444444444444,
            -78.06666666666666,
            -79.2,
            -100,
            -100,
            -78.0625,
            -81.73333333333333,
            -82.42857142857143,
            -88.4,
            -88.0,
            -83.47058823529412,
            -88.5,
            -88.66666666666667,
            -100,
            -85.875,
            -86.375,
            -100,
            -100,
            -100
        ]
    },
    {
        "samplePoint": "123",
        "coordinateX": 687,
        "coordinateY": 2057,
        "vector": [
            -100,
            -79.0,
            -79.15,
            -76.82352941176471,
            -89.5,
            -77.26315789473684,
            -76.6842105263158,
            -100,
            -75.55555555555556,
            -100,
            -100,
            -100,
            -58.60869565217391,
            -58.8695652173913,
            -100,
            -85.0,
            -100,
            -91.0,
            -75.0,
            -85.44444444444444,
            -74.47368421052632,
            -100,
            -100,
            -85.55555555555556,
            -86.66666666666667,
            -86.72727272727273,
            -88.36363636363636,
            -87.75,
            -84.22222222222223,
            -100,
            -100,
            -100,
            -88.5,
            -88.5,
            -100,
            -100,
            -100
        ]
    },
    {
        "samplePoint": "122",
        "coordinateX": 346,
        "coordinateY": 2107,
        "vector": [
            -100,
            -82.83333333333333,
            -82.5,
            -88.5,
            -100,
            -80.55555555555556,
            -80.47368421052632,
            -100,
            -45.43478260869565,
            -100,
            -100,
            -100,
            -85.83333333333333,
            -85.36842105263158,
            -100,
            -91.33333333333333,
            -100,
            -100,
            -80.21052631578948,
            -88.28571428571429,
            -79.42105263157895,
            -100,
            -100,
            -88.5,
            -91.0,
            -90.0,
            -100,
            -100,
            -84.06666666666666,
            -100,
            -100,
            -100,
            -86.0,
            -87.33333333333333,
            -100,
            -100,
            -100
        ]
    },
    {
        "samplePoint": "電機北門",
        "coordinateX": 141,
        "coordinateY": 2098,
        "vector": [
            -100,
            -85.05555555555556,
            -84.88888888888889,
            -86.8,
            -100,
            -82.05263157894737,
            -82.35,
            -100,
            -71.8695652173913,
            -100,
            -100,
            -100,
            -88.25,
            -88.0,
            -100,
            -86.5,
            -100,
            -100,
            -80.76190476190476,
            -88.28571428571429,
            -80.38095238095238,
            -100,
            -100,
            -88.0,
            -88.25,
            -88.66666666666667,
            -100,
            -100,
            -68.31818181818181,
            -100,
            -100,
            -100,
            -90.5,
            -89.0,
            -100,
            -100,
            -100
        ]
    }
]