[
    {
        "name": "通訊內門",
        "vector": [
            -81.15789473684211,
            -86.26666666666667,
            -78.45,
            -78.33333333333333,
            -100,
            -79.77777777777777,
            -87.6923076923077,
            -100,
            -71.45454545454545,
            -100,
            -89.75,
            -69.41666666666667,
            -80.3913043478261,
            -77.0,
            -80.3913043478261,
            -77.04545454545455,
            -79.86666666666666
        ]
    },
    {
        "name": "102",
        "vector": [
            -81.9090909090909,
            -87.0,
            -86.91666666666667,
            -86.75,
            -100,
            -100,
            -100,
            -100,
            -85.85714285714286,
            -100,
            -100,
            -81.6470588235294,
            -100,
            -87.77777777777777,
            -100,
            -87.25,
            -84.88888888888889
        ]
    },
    {
        "name": "101",
        "vector": [
            -100,
            -72.58333333333333,
            -100,
            -100,
            -100,
            -100,
            -100,
            -100,
            -100,
            -100,
            -100,
            -87.58333333333333,
            -88.0,
            -100,
            -87.61538461538461,
            -100,
            -85.9
        ]
    },
    {
        "name": "106",
        "vector": [
            -100,
            -68.16666666666667,
            -100,
            -100,
            -100,
            -100,
            -100,
            -100,
            -100,
            -100,
            -100,
            -82.05263157894737,
            -82.75,
            -100,
            -82.91666666666667,
            -100,
            -83.9375
        ]
    },
    {
        "name": "通訊正門",
        "vector": [
            -100,
            -69.21739130434783,
            -100,
            -100,
            -100,
            -100,
            -100,
            -100,
            -89.66666666666667,
            -100,
            -100,
            -72.69565217391305,
            -78.23809523809524,
            -100,
            -78.75,
            -100,
            -75.9090909090909
        ]
    },
    {
        "name": "飲水機",
        "vector": [
            -100,
            -73.5,
            -100,
            -100,
            -100,
            -100,
            -100,
            -100,
            -100,
            -100,
            -100,
            -86.0,
            -86.25,
            -100,
            -85.21428571428571,
            -100,
            -100
        ]
    },
    {
        "name": "108",
        "vector": [
            -100,
            -61.25,
            -88.375,
            -89.44444444444444,
            -100,
            -88.11111111111111,
            -100,
            -100,
            -88.0,
            -100,
            -100,
            -79.65,
            -72.9090909090909,
            -100,
            -72.9090909090909,
            -100,
            -83.71428571428571
        ]
    },
    {
        "name": "105",
        "vector": [
            -87.92857142857143,
            -39.04166666666666,
            -87.3076923076923,
            -87.0,
            -100,
            -100,
            -100,
            -100,
            -87.0909090909091,
            -100,
            -100,
            -87.55555555555556,
            -87.3157894736842,
            -100,
            -86.77777777777777,
            -100,
            -100
        ]
    },
    {
        "name": "電視",
        "vector": [
            -100,
            -58.26086956521739,
            -100,
            -100,
            -84.3,
            -100,
            -85.125,
            -100,
            -100,
            -100,
            -86.72727272727273,
            -100,
            -100,
            -100,
            -100,
            -100,
            -100
        ]
    },
    {
        "name": "通訊側門",
        "vector": [
            -100,
            -62.95238095238095,
            -100,
            -100,
            -100,
            -100,
            -100,
            -100,
            -100,
            -100,
            -100,
            -100,
            -100,
            -100,
            -100,
            -100,
            -100
        ]
    },
    {
        "name": "111",
        "vector": [
            -100,
            -82.66666666666667,
            -100,
            -100,
            -81.76190476190476,
            -100,
            -76.83333333333333,
            -100,
            -100,
            -100,
            -84.44444444444444,
            -100,
            -100,
            -100,
            -100,
            -100,
            -100
        ]
    },
    {
        "name": "112",
        "vector": [
            -100,
            -77.82352941176471,
            -100,
            -100,
            -74.72727272727273,
            -100,
            -72.73684210526316,
            -100,
            -100,
            -100,
            -81.0,
            -100,
            -100,
            -100,
            -100,
            -100,
            -100
        ]
    },
    {
        "name": "115",
        "vector": [
            -100,
            -87.125,
            -100,
            -100,
            -65.45454545454545,
            -100,
            -62.26086956521739,
            -100,
            -100,
            -100,
            -69.30434782608695,
            -100,
            -100,
            -100,
            -100,
            -100,
            -100
        ]
    },
    {
        "name": "114",
        "vector": [
            -100,
            -100,
            -100,
            -100,
            -55.45454545454545,
            -100,
            -69.27272727272727,
            -100,
            -100,
            -100,
            -72.4090909090909,
            -100,
            -100,
            -100,
            -100,
            -100,
            -100
        ]
    },
    {
        "name": "117",
        "vector": [
            -100,
            -100,
            -100,
            -100,
            -65.95454545454545,
            -100,
            -80.95238095238095,
            -100,
            -100,
            -100,
            -86.46666666666667,
            -100,
            -100,
            -100,
            -100,
            -100,
            -100
        ]
    },
    {
        "name": "垃圾",
        "vector": [
            -100,
            -84.93333333333334,
            -100,
            -100,
            -69.5909090909091,
            -100,
            -83.14285714285714,
            -100,
            -100,
            -100,
            -87.25,
            -90.14285714285714,
            -100,
            -88.66666666666667,
            -100,
            -88.77777777777777,
            -100
        ]
    },
    {
        "name": "電機側門",
        "vector": [
            -85.71428571428571,
            -100,
            -84.05263157894737,
            -82.83333333333333,
            -86.45454545454545,
            -100,
            -100,
            -72.25,
            -100,
            -73.15,
            -100,
            -100,
            -100,
            -100,
            -100,
            -100,
            -100
        ]
    },
    {
        "name": "118",
        "vector": [
            -81.65,
            -100,
            -77.3157894736842,
            -77.10526315789474,
            -78.04545454545455,
            -100,
            -83.13333333333334,
            -65.95652173913044,
            -87.1,
            -66.34782608695652,
            -87.18181818181819,
            -100,
            -100,
            -100,
            -100,
            -100,
            -100
        ]
    },
    {
        "name": "119",
        "vector": [
            -73.19047619047619,
            -100,
            -72.61904761904762,
            -72.14285714285714,
            -100,
            -100,
            -100,
            -54.04347826086956,
            -77.38888888888889,
            -53.73913043478261,
            -100,
            -100,
            -100,
            -82.23076923076923,
            -100,
            -82.44444444444444,
            -100
        ]
    },
    {
        "name": "120",
        "vector": [
            -56.0,
            -89.57142857142857,
            -54.78260869565217,
            -56.0,
            -100,
            -76.72222222222223,
            -100,
            -75.35,
            -76.6842105263158,
            -75.22222222222223,
            -100,
            -85.44444444444444,
            -84.23529411764706,
            -84.75,
            -84.0,
            -84.55555555555556,
            -100
        ]
    },
    {
        "name": "124",
        "vector": [
            -55.09090909090909,
            -88.27777777777777,
            -41.59090909090909,
            -41.72727272727273,
            -100,
            -79.07692307692308,
            -100,
            -70.42105263157895,
            -65.76190476190476,
            -69.27777777777777,
            -100,
            -78.45,
            -80.3529411764706,
            -76.6,
            -80.66666666666667,
            -78.10526315789474,
            -83.33333333333333
        ]
    },
    {
        "name": "電機正門",
        "vector": [
            -58.61904761904762,
            -85.75,
            -63.17391304347826,
            -62.73913043478261,
            -100,
            -65.76190476190476,
            -100,
            -75.3,
            -75.55555555555556,
            -75.41176470588235,
            -100,
            -83.3076923076923,
            -83.0,
            -86.44444444444444,
            -83.1,
            -86.6,
            -100
        ]
    },
    {
        "name": "電機桌",
        "vector": [
            -51.3,
            -84.41176470588235,
            -65.72727272727273,
            -65.72727272727273,
            -100,
            -72.11111111111111,
            -100,
            -71.21052631578948,
            -79.6470588235294,
            -71.57894736842105,
            -100,
            -79.36842105263158,
            -82.52631578947368,
            -84.81818181818181,
            -82.94736842105263,
            -86.16666666666667,
            -87.14285714285714
        ]
    },
    {
        "name": "電機內門",
        "vector": [
            -46.31818181818182,
            -79.81818181818181,
            -65.22727272727273,
            -65.45454545454545,
            -100,
            -75.11111111111111,
            -100,
            -74.80952380952381,
            -74.15,
            -73.76470588235294,
            -100,
            -75.27272727272727,
            -78.25,
            -85.0,
            -78.35,
            -84.27272727272727,
            -81.22222222222223
        ]
    },
    {
        "name": "121",
        "vector": [
            -61.61904761904762,
            -87.08333333333333,
            -67.42857142857143,
            -67.26086956521739,
            -100,
            -64.68181818181819,
            -100,
            -79.44444444444444,
            -78.06666666666666,
            -79.2,
            -100,
            -100,
            -100,
            -85.875,
            -100,
            -86.375,
            -100
        ]
    },
    {
        "name": "123",
        "vector": [
            -79.0,
            -100,
            -77.26315789473684,
            -76.6842105263158,
            -100,
            -58.8695652173913,
            -100,
            -75.0,
            -85.44444444444444,
            -74.47368421052632,
            -100,
            -88.36363636363636,
            -100,
            -100,
            -100,
            -100,
            -100
        ]
    },
    {
        "name": "122",
        "vector": [
            -82.83333333333333,
            -100,
            -80.55555555555556,
            -80.47368421052632,
            -100,
            -85.36842105263158,
            -100,
            -80.21052631578948,
            -88.28571428571429,
            -79.42105263157895,
            -100,
            -100,
            -100,
            -100,
            -100,
            -100,
            -100
        ]
    },
    {
        "name": "電機北門",
        "vector": [
            -85.05555555555556,
            -100,
            -82.05263157894737,
            -82.35,
            -100,
            -88.0,
            -100,
            -80.76190476190476,
            -88.28571428571429,
            -80.38095238095238,
            -100,
            -100,
            -100,
            -100,
            -100,
            -100,
            -100
        ]
    }
]