[
    {
        "name": "通訊內門",
        "vector": [
            -79.07692307692308,
            -79.23076923076923,
            -78.6923076923077,
            -68.07692307692308,
            -67.92307692307692,
            -68.15384615384616,
            -88.92307692307692,
            -84.38461538461539,
            -100,
            -100,
            -100,
            -100,
            -100,
            -100,
            -100,
            -100,
            -89.23076923076923,
            -90.92307692307692,
            -89.15384615384616,
            -89.38461538461539,
            -100,
            -82.3076923076923,
            -81.23076923076923,
            -80.38461538461539,
            -84.38461538461539,
            -80.76923076923077,
            -72.6923076923077,
            -100,
            -100,
            -100,
            -100,
            -64.84615384615384,
            -100,
            -100,
            -100,
            -100,
            -100,
            -88.61538461538461,
            -100,
            -100,
            -100,
            -100,
            -100,
            -100,
            -100,
            -100,
            -100,
            -100,
            -93.15384615384616,
            -92.76923076923077,
            -100,
            -100,
            -100,
            -100,
            -100,
            -100,
            -100,
            -100,
            -100,
            -89.07692307692308,
            -94.61538461538461,
            -92.76923076923077,
            -100,
            -100,
            -100,
            -100,
            -100,
            -100,
            -100,
            -100,
            -100,
            -100,
            -100,
            -100,
            -100,
            -73.0,
            -100,
            -73.15384615384616,
            -80.6923076923077,
            -68.84615384615384,
            -71.92307692307692,
            -78.46153846153847,
            -72.15384615384616,
            -78.53846153846153,
            -61.61538461538461,
            -82.53846153846153,
            -100,
            -82.38461538461539,
            -81.3076923076923,
            -91.53846153846153,
            -94.76923076923077,
            -80.15384615384616,
            -82.15384615384616,
            -100,
            -91.38461538461539
        ]
    },
    {
        "name": "102",
        "vector": [
            -79.23076923076923,
            -79.61538461538461,
            -79.38461538461539,
            -65.76923076923077,
            -64.53846153846153,
            -64.92307692307692,
            -87.46153846153847,
            -84.92307692307692,
            -100,
            -100,
            -100,
            -100,
            -100,
            -100,
            -100,
            -100,
            -88.15384615384616,
            -100,
            -87.23076923076923,
            -87.6923076923077,
            -100,
            -85.92307692307692,
            -87.0,
            -85.61538461538461,
            -92.53846153846153,
            -93.23076923076923,
            -60.46153846153846,
            -100,
            -100,
            -100,
            -100,
            -59.53846153846154,
            -100,
            -100,
            -100,
            -100,
            -100,
            -100,
            -100,
            -100,
            -100,
            -100,
            -100,
            -100,
            -100,
            -100,
            -100,
            -100,
            -82.92307692307692,
            -100,
            -92.92307692307692,
            -92.53846153846153,
            -93.3076923076923,
            -100,
            -85.23076923076923,
            -100,
            -100,
            -100,
            -100,
            -100,
            -100,
            -100,
            -100,
            -100,
            -100,
            -100,
            -100,
            -100,
            -100,
            -100,
            -100,
            -100,
            -100,
            -100,
            -100,
            -86.3076923076923,
            -100,
            -86.92307692307692,
            -100,
            -85.46153846153847,
            -90.76923076923077,
            -100,
            -91.76923076923077,
            -100,
            -74.92307692307692,
            -100,
            -100,
            -100,
            -100,
            -100,
            -100,
            -92.46153846153847,
            -93.38461538461539,
            -100,
            -100
        ]
    },
    {
        "name": "101",
        "vector": [
            -56.30769230769231,
            -57.46153846153846,
            -56.84615384615385,
            -44.15384615384615,
            -44.23076923076923,
            -43.53846153846154,
            -93.92307692307692,
            -94.38461538461539,
            -100,
            -100,
            -100,
            -100,
            -76.76923076923077,
            -76.84615384615384,
            -76.3076923076923,
            -100,
            -68.3076923076923,
            -100,
            -68.3076923076923,
            -68.38461538461539,
            -100,
            -56.84615384615385,
            -57.92307692307692,
            -56.61538461538461,
            -100,
            -100,
            -47.0,
            -100,
            -100,
            -88.6923076923077,
            -100,
            -47.38461538461539,
            -86.6923076923077,
            -100,
            -100,
            -86.6923076923077,
            -100,
            -100,
            -100,
            -100,
            -100,
            -80.6923076923077,
            -76.23076923076923,
            -81.84615384615384,
            -100,
            -100,
            -100,
            -100,
            -60.84615384615385,
            -100,
            -61.53846153846154,
            -61.46153846153846,
            -61.46153846153846,
            -100,
            -55.84615384615385,
            -100,
            -100,
            -100,
            -100,
            -100,
            -100,
            -100,
            -100,
            -100,
            -100,
            -100,
            -100,
            -100,
            -100,
            -100,
            -100,
            -100,
            -100,
            -100,
            -100,
            -94.53846153846153,
            -100,
            -94.3076923076923,
            -91.92307692307692,
            -90.23076923076923,
            -100,
            -100,
            -100,
            -91.92307692307692,
            -86.23076923076923,
            -86.92307692307692,
            -100,
            -88.3076923076923,
            -88.07692307692308,
            -100,
            -100,
            -100,
            -100,
            -100,
            -100
        ]
    },
    {
        "name": "106",
        "vector": [
            -57.61538461538461,
            -57.15384615384615,
            -57.84615384615385,
            -34.0,
            -34.38461538461539,
            -34.23076923076923,
            -100,
            -100,
            -100,
            -100,
            -100,
            -100,
            -66.53846153846153,
            -66.76923076923077,
            -66.76923076923077,
            -100,
            -64.53846153846153,
            -100,
            -64.3076923076923,
            -64.3076923076923,
            -100,
            -59.84615384615385,
            -59.15384615384615,
            -60.69230769230769,
            -100,
            -100,
            -32.84615384615385,
            -100,
            -100,
            -70.84615384615384,
            -100,
            -32.84615384615385,
            -68.76923076923077,
            -100,
            -100,
            -73.6923076923077,
            -100,
            -100,
            -100,
            -100,
            -100,
            -73.76923076923077,
            -73.0,
            -77.15384615384616,
            -100,
            -100,
            -100,
            -100,
            -60.84615384615385,
            -100,
            -66.38461538461539,
            -66.38461538461539,
            -66.6923076923077,
            -100,
            -64.3076923076923,
            -100,
            -100,
            -100,
            -100,
            -100,
            -100,
            -100,
            -100,
            -100,
            -100,
            -100,
            -100,
            -100,
            -100,
            -100,
            -100,
            -100,
            -100,
            -100,
            -100,
            -100,
            -100,
            -100,
            -100,
            -84.07692307692308,
            -100,
            -100,
            -100,
            -91.0,
            -87.38461538461539,
            -90.84615384615384,
            -100,
            -91.15384615384616,
            -90.76923076923077,
            -100,
            -100,
            -100,
            -100,
            -100,
            -100
        ]
    },
    {
        "name": "通訊正門角落",
        "vector": [
            -52.69230769230769,
            -53.15384615384615,
            -53.0,
            -56.23076923076923,
            -56.30769230769231,
            -56.07692307692308,
            -100,
            -100,
            -100,
            -100,
            -100,
            -100,
            -74.92307692307692,
            -75.07692307692308,
            -79.53846153846153,
            -100,
            -63.23076923076923,
            -100,
            -63.30769230769231,
            -63.38461538461539,
            -100,
            -53.38461538461539,
            -53.76923076923077,
            -53.69230769230769,
            -100,
            -100,
            -54.38461538461539,
            -100,
            -100,
            -100,
            -100,
            -53.23076923076923,
            -100,
            -100,
            -100,
            -100,
            -100,
            -100,
            -100,
            -100,
            -100,
            -74.6923076923077,
            -80.84615384615384,
            -77.84615384615384,
            -100,
            -100,
            -100,
            -100,
            -64.3076923076923,
            -100,
            -76.0,
            -76.15384615384616,
            -76.07692307692308,
            -100,
            -78.07692307692308,
            -100,
            -100,
            -100,
            -100,
            -100,
            -100,
            -100,
            -100,
            -100,
            -100,
            -100,
            -100,
            -100,
            -100,
            -100,
            -100,
            -100,
            -100,
            -100,
            -100,
            -100,
            -100,
            -100,
            -81.53846153846153,
            -72.07692307692308,
            -94.07692307692308,
            -83.53846153846153,
            -93.46153846153847,
            -83.53846153846153,
            -71.92307692307692,
            -77.61538461538461,
            -100,
            -77.38461538461539,
            -78.92307692307692,
            -100,
            -100,
            -100,
            -100,
            -100,
            -92.38461538461539
        ]
    },
    {
        "name": "通訊正門",
        "vector": [
            -52.46153846153846,
            -52.61538461538461,
            -52.76923076923077,
            -54.69230769230769,
            -54.53846153846154,
            -54.46153846153846,
            -100,
            -100,
            -93.92307692307692,
            -92.6923076923077,
            -93.3076923076923,
            -100,
            -76.92307692307692,
            -76.76923076923077,
            -77.23076923076923,
            -100,
            -65.23076923076923,
            -100,
            -65.3076923076923,
            -65.3076923076923,
            -100,
            -53.30769230769231,
            -53.07692307692308,
            -54.15384615384615,
            -100,
            -100,
            -54.0,
            -100,
            -100,
            -100,
            -100,
            -53.07692307692308,
            -100,
            -100,
            -100,
            -100,
            -100,
            -100,
            -100,
            -100,
            -100,
            -71.07692307692308,
            -75.6923076923077,
            -72.23076923076923,
            -100,
            -100,
            -100,
            -100,
            -61.84615384615385,
            -100,
            -73.53846153846153,
            -73.76923076923077,
            -73.38461538461539,
            -100,
            -76.23076923076923,
            -100,
            -100,
            -100,
            -100,
            -100,
            -100,
            -100,
            -100,
            -100,
            -100,
            -100,
            -100,
            -100,
            -100,
            -100,
            -100,
            -100,
            -100,
            -100,
            -100,
            -95.38461538461539,
            -100,
            -94.46153846153847,
            -79.84615384615384,
            -70.3076923076923,
            -94.84615384615384,
            -80.23076923076923,
            -93.84615384615384,
            -81.23076923076923,
            -74.61538461538461,
            -78.6923076923077,
            -100,
            -78.61538461538461,
            -78.76923076923077,
            -100,
            -100,
            -100,
            -100,
            -100,
            -92.6923076923077
        ]
    },
    {
        "name": "飲水機",
        "vector": [
            -49.53846153846154,
            -48.46153846153846,
            -50.0,
            -70.15384615384616,
            -69.76923076923077,
            -69.23076923076923,
            -100,
            -100,
            -100,
            -100,
            -100,
            -100,
            -83.53846153846153,
            -83.6923076923077,
            -84.6923076923077,
            -100,
            -72.61538461538461,
            -100,
            -72.61538461538461,
            -72.46153846153847,
            -100,
            -53.23076923076923,
            -52.15384615384615,
            -52.69230769230769,
            -100,
            -100,
            -68.76923076923077,
            -100,
            -100,
            -100,
            -100,
            -64.6923076923077,
            -100,
            -100,
            -100,
            -100,
            -100,
            -100,
            -100,
            -100,
            -100,
            -76.3076923076923,
            -74.46153846153847,
            -77.07692307692308,
            -100,
            -100,
            -100,
            -100,
            -91.38461538461539,
            -100,
            -85.76923076923077,
            -86.3076923076923,
            -86.38461538461539,
            -100,
            -87.3076923076923,
            -100,
            -100,
            -100,
            -100,
            -100,
            -100,
            -100,
            -100,
            -100,
            -100,
            -100,
            -100,
            -100,
            -100,
            -100,
            -100,
            -100,
            -100,
            -100,
            -100,
            -100,
            -100,
            -100,
            -88.53846153846153,
            -94.46153846153847,
            -100,
            -87.61538461538461,
            -100,
            -86.23076923076923,
            -100,
            -91.15384615384616,
            -100,
            -91.15384615384616,
            -91.38461538461539,
            -100,
            -100,
            -100,
            -100,
            -100,
            -89.38461538461539
        ]
    },
    {
        "name": "通訊樓梯",
        "vector": [
            -40.46153846153846,
            -39.92307692307692,
            -40.53846153846154,
            -56.76923076923077,
            -56.38461538461539,
            -55.69230769230769,
            -100,
            -100,
            -100,
            -100,
            -100,
            -100,
            -78.07692307692308,
            -78.3076923076923,
            -78.15384615384616,
            -100,
            -65.46153846153847,
            -100,
            -65.38461538461539,
            -65.07692307692308,
            -100,
            -47.61538461538461,
            -47.84615384615385,
            -47.15384615384615,
            -100,
            -100,
            -58.53846153846154,
            -100,
            -100,
            -87.84615384615384,
            -100,
            -57.69230769230769,
            -86.76923076923077,
            -100,
            -100,
            -83.92307692307692,
            -100,
            -100,
            -100,
            -100,
            -100,
            -69.92307692307692,
            -69.07692307692308,
            -71.0,
            -100,
            -100,
            -100,
            -100,
            -85.53846153846153,
            -100,
            -70.23076923076923,
            -70.23076923076923,
            -70.3076923076923,
            -100,
            -66.46153846153847,
            -100,
            -100,
            -100,
            -100,
            -100,
            -100,
            -100,
            -100,
            -100,
            -100,
            -100,
            -100,
            -100,
            -100,
            -100,
            -100,
            -100,
            -100,
            -100,
            -100,
            -100,
            -100,
            -100,
            -82.53846153846153,
            -86.23076923076923,
            -100,
            -85.07692307692308,
            -100,
            -85.15384615384616,
            -86.76923076923077,
            -81.0,
            -100,
            -81.07692307692308,
            -82.3076923076923,
            -100,
            -100,
            -100,
            -100,
            -100,
            -93.84615384615384
        ]
    },
    {
        "name": "108",
        "vector": [
            -35.76923076923077,
            -35.53846153846154,
            -35.53846153846154,
            -50.92307692307692,
            -50.84615384615385,
            -50.23076923076923,
            -100,
            -100,
            -100,
            -100,
            -100,
            -100,
            -60.61538461538461,
            -60.53846153846154,
            -60.53846153846154,
            -100,
            -54.92307692307692,
            -100,
            -55.30769230769231,
            -54.23076923076923,
            -100,
            -39.0,
            -38.0,
            -38.38461538461539,
            -100,
            -100,
            -55.46153846153846,
            -100,
            -100,
            -78.61538461538461,
            -100,
            -56.69230769230769,
            -77.0,
            -100,
            -100,
            -70.38461538461539,
            -100,
            -100,
            -100,
            -100,
            -100,
            -57.69230769230769,
            -58.30769230769231,
            -57.38461538461539,
            -100,
            -100,
            -100,
            -100,
            -81.46153846153847,
            -100,
            -75.92307692307692,
            -75.92307692307692,
            -76.0,
            -100,
            -77.84615384615384,
            -100,
            -100,
            -100,
            -100,
            -100,
            -100,
            -100,
            -100,
            -100,
            -100,
            -100,
            -100,
            -100,
            -100,
            -100,
            -100,
            -100,
            -100,
            -100,
            -100,
            -100,
            -100,
            -100,
            -71.53846153846153,
            -85.3076923076923,
            -100,
            -71.53846153846153,
            -100,
            -78.38461538461539,
            -89.23076923076923,
            -77.23076923076923,
            -100,
            -77.15384615384616,
            -78.3076923076923,
            -100,
            -100,
            -100,
            -100,
            -100,
            -100
        ]
    },
    {
        "name": "105",
        "vector": [
            -58.76923076923077,
            -58.69230769230769,
            -59.0,
            -62.84615384615385,
            -62.61538461538461,
            -62.69230769230769,
            -90.53846153846153,
            -92.07692307692308,
            -83.92307692307692,
            -84.0,
            -85.84615384615384,
            -100,
            -53.69230769230769,
            -53.92307692307692,
            -54.0,
            -100,
            -35.46153846153846,
            -100,
            -36.23076923076923,
            -35.46153846153846,
            -100,
            -60.07692307692308,
            -61.0,
            -60.92307692307692,
            -95.53846153846153,
            -94.84615384615384,
            -62.61538461538461,
            -100,
            -100,
            -56.23076923076923,
            -87.15384615384616,
            -63.92307692307692,
            -56.30769230769231,
            -100,
            -100,
            -57.23076923076923,
            -100,
            -100,
            -92.6923076923077,
            -100,
            -78.23076923076923,
            -39.92307692307692,
            -41.07692307692308,
            -40.0,
            -100,
            -100,
            -100,
            -100,
            -100,
            -100,
            -89.61538461538461,
            -90.23076923076923,
            -90.92307692307692,
            -100,
            -91.46153846153847,
            -100,
            -100,
            -100,
            -100,
            -100,
            -100,
            -100,
            -100,
            -100,
            -100,
            -100,
            -100,
            -100,
            -100,
            -100,
            -100,
            -100,
            -100,
            -100,
            -100,
            -86.61538461538461,
            -100,
            -86.53846153846153,
            -100,
            -100,
            -89.15384615384616,
            -100,
            -89.92307692307692,
            -100,
            -100,
            -90.0,
            -100,
            -92.23076923076923,
            -91.3076923076923,
            -100,
            -100,
            -100,
            -100,
            -100,
            -93.6923076923077
        ]
    },
    {
        "name": "通訊垃圾",
        "vector": [
            -72.0,
            -71.61538461538461,
            -71.3076923076923,
            -75.07692307692308,
            -75.07692307692308,
            -73.46153846153847,
            -100,
            -100,
            -83.46153846153847,
            -83.61538461538461,
            -85.23076923076923,
            -100,
            -42.84615384615385,
            -43.30769230769231,
            -42.92307692307692,
            -100,
            -56.23076923076923,
            -100,
            -56.15384615384615,
            -55.30769230769231,
            -100,
            -83.07692307692308,
            -84.84615384615384,
            -80.76923076923077,
            -100,
            -100,
            -86.23076923076923,
            -100,
            -100,
            -46.38461538461539,
            -86.0,
            -90.15384615384616,
            -44.76923076923077,
            -100,
            -100,
            -44.23076923076923,
            -80.76923076923077,
            -100,
            -83.92307692307692,
            -100,
            -69.76923076923077,
            -58.84615384615385,
            -58.84615384615385,
            -60.53846153846154,
            -100,
            -100,
            -100,
            -100,
            -100,
            -100,
            -100,
            -100,
            -100,
            -100,
            -100,
            -100,
            -100,
            -100,
            -84.76923076923077,
            -100,
            -100,
            -100,
            -100,
            -100,
            -100,
            -100,
            -100,
            -100,
            -100,
            -100,
            -100,
            -100,
            -100,
            -100,
            -100,
            -100,
            -100,
            -100,
            -100,
            -100,
            -100,
            -100,
            -100,
            -100,
            -100,
            -100,
            -100,
            -100,
            -100,
            -100,
            -100,
            -100,
            -100,
            -100,
            -100
        ]
    },
    {
        "name": "電視",
        "vector": [
            -64.46153846153847,
            -64.53846153846153,
            -64.61538461538461,
            -62.84615384615385,
            -62.92307692307692,
            -62.84615384615385,
            -100,
            -100,
            -57.0,
            -56.84615384615385,
            -57.0,
            -100,
            -36.46153846153846,
            -36.30769230769231,
            -36.15384615384615,
            -100,
            -57.38461538461539,
            -100,
            -57.92307692307692,
            -56.30769230769231,
            -100,
            -67.6923076923077,
            -68.84615384615384,
            -65.15384615384616,
            -100,
            -100,
            -74.23076923076923,
            -100,
            -100,
            -37.0,
            -53.46153846153846,
            -70.92307692307692,
            -38.07692307692308,
            -100,
            -100,
            -38.84615384615385,
            -50.30769230769231,
            -100,
            -72.76923076923077,
            -100,
            -53.38461538461539,
            -63.23076923076923,
            -61.0,
            -65.76923076923077,
            -100,
            -83.0,
            -100,
            -100,
            -100,
            -89.23076923076923,
            -93.76923076923077,
            -93.92307692307692,
            -94.61538461538461,
            -100,
            -100,
            -100,
            -100,
            -87.46153846153847,
            -77.92307692307692,
            -100,
            -86.92307692307692,
            -100,
            -100,
            -100,
            -100,
            -90.84615384615384,
            -100,
            -100,
            -100,
            -100,
            -94.61538461538461,
            -100,
            -100,
            -100,
            -100,
            -100,
            -100,
            -100,
            -100,
            -100,
            -100,
            -100,
            -100,
            -100,
            -100,
            -100,
            -100,
            -100,
            -100,
            -100,
            -100,
            -100,
            -100,
            -100,
            -100
        ]
    },
    {
        "name": "通訊側門",
        "vector": [
            -71.38461538461539,
            -74.07692307692308,
            -74.0,
            -67.0,
            -66.0,
            -65.38461538461539,
            -100,
            -100,
            -77.76923076923077,
            -77.6923076923077,
            -77.76923076923077,
            -100,
            -48.38461538461539,
            -48.23076923076923,
            -48.23076923076923,
            -100,
            -58.38461538461539,
            -100,
            -58.76923076923077,
            -58.46153846153846,
            -100,
            -67.46153846153847,
            -70.07692307692308,
            -69.61538461538461,
            -100,
            -100,
            -79.61538461538461,
            -100,
            -100,
            -49.23076923076923,
            -72.61538461538461,
            -72.92307692307692,
            -51.0,
            -100,
            -100,
            -49.23076923076923,
            -66.07692307692308,
            -100,
            -77.07692307692308,
            -100,
            -62.07692307692308,
            -62.23076923076923,
            -60.76923076923077,
            -62.15384615384615,
            -100,
            -100,
            -100,
            -100,
            -100,
            -100,
            -92.38461538461539,
            -92.23076923076923,
            -92.3076923076923,
            -100,
            -100,
            -100,
            -100,
            -100,
            -64.92307692307692,
            -100,
            -100,
            -100,
            -100,
            -100,
            -100,
            -100,
            -100,
            -100,
            -100,
            -100,
            -100,
            -100,
            -100,
            -100,
            -100,
            -100,
            -100,
            -100,
            -100,
            -100,
            -100,
            -100,
            -100,
            -100,
            -100,
            -100,
            -100,
            -100,
            -100,
            -100,
            -100,
            -100,
            -100,
            -100,
            -100
        ]
    },
    {
        "name": "111",
        "vector": [
            -100,
            -100,
            -100,
            -100,
            -100,
            -100,
            -100,
            -100,
            -39.92307692307692,
            -39.84615384615385,
            -39.69230769230769,
            -100,
            -55.0,
            -54.69230769230769,
            -53.15384615384615,
            -100,
            -81.84615384615384,
            -100,
            -82.0,
            -82.46153846153847,
            -100,
            -100,
            -100,
            -100,
            -100,
            -100,
            -100,
            -100,
            -100,
            -58.38461538461539,
            -41.07692307692308,
            -100,
            -57.07692307692308,
            -100,
            -100,
            -57.15384615384615,
            -42.15384615384615,
            -100,
            -56.53846153846154,
            -100,
            -82.76923076923077,
            -89.15384615384616,
            -90.3076923076923,
            -90.76923076923077,
            -100,
            -83.23076923076923,
            -77.46153846153847,
            -100,
            -100,
            -86.76923076923077,
            -100,
            -100,
            -100,
            -100,
            -100,
            -100,
            -100,
            -76.6923076923077,
            -58.23076923076923,
            -100,
            -82.3076923076923,
            -100,
            -100,
            -100,
            -100,
            -88.0,
            -100,
            -100,
            -100,
            -100,
            -91.61538461538461,
            -100,
            -100,
            -100,
            -100,
            -100,
            -100,
            -100,
            -100,
            -100,
            -100,
            -100,
            -100,
            -100,
            -100,
            -100,
            -100,
            -100,
            -100,
            -100,
            -100,
            -100,
            -100,
            -100,
            -100
        ]
    },
    {
        "name": "112",
        "vector": [
            -100,
            -100,
            -100,
            -100,
            -100,
            -100,
            -100,
            -100,
            -47.30769230769231,
            -47.53846153846154,
            -47.30769230769231,
            -100,
            -61.92307692307692,
            -61.69230769230769,
            -54.69230769230769,
            -100,
            -81.92307692307692,
            -100,
            -81.92307692307692,
            -81.6923076923077,
            -100,
            -100,
            -100,
            -100,
            -100,
            -100,
            -100,
            -100,
            -100,
            -62.38461538461539,
            -44.23076923076923,
            -100,
            -64.53846153846153,
            -100,
            -100,
            -63.46153846153846,
            -43.92307692307692,
            -100,
            -54.92307692307692,
            -100,
            -85.46153846153847,
            -89.46153846153847,
            -89.23076923076923,
            -87.61538461538461,
            -100,
            -79.53846153846153,
            -78.38461538461539,
            -100,
            -100,
            -80.3076923076923,
            -100,
            -100,
            -100,
            -100,
            -100,
            -100,
            -100,
            -78.07692307692308,
            -66.15384615384616,
            -100,
            -73.76923076923077,
            -100,
            -79.07692307692308,
            -100,
            -100,
            -83.6923076923077,
            -100,
            -100,
            -100,
            -100,
            -88.46153846153847,
            -100,
            -100,
            -100,
            -100,
            -100,
            -100,
            -100,
            -100,
            -100,
            -100,
            -100,
            -100,
            -100,
            -100,
            -100,
            -100,
            -100,
            -100,
            -100,
            -100,
            -100,
            -100,
            -100,
            -100
        ]
    },
    {
        "name": "115",
        "vector": [
            -100,
            -100,
            -100,
            -100,
            -100,
            -100,
            -100,
            -100,
            -61.23076923076923,
            -61.46153846153846,
            -60.76923076923077,
            -100,
            -60.0,
            -60.07692307692308,
            -60.15384615384615,
            -100,
            -93.53846153846153,
            -100,
            -93.38461538461539,
            -92.84615384615384,
            -100,
            -100,
            -100,
            -100,
            -100,
            -100,
            -100,
            -100,
            -100,
            -69.15384615384616,
            -55.46153846153846,
            -100,
            -71.46153846153847,
            -100,
            -100,
            -73.07692307692308,
            -56.69230769230769,
            -100,
            -58.38461538461539,
            -100,
            -93.38461538461539,
            -100,
            -100,
            -100,
            -100,
            -64.61538461538461,
            -54.69230769230769,
            -100,
            -100,
            -65.46153846153847,
            -100,
            -100,
            -100,
            -100,
            -100,
            -100,
            -100,
            -78.46153846153847,
            -65.38461538461539,
            -100,
            -59.61538461538461,
            -100,
            -59.38461538461539,
            -100,
            -100,
            -64.76923076923077,
            -100,
            -100,
            -100,
            -100,
            -84.15384615384616,
            -100,
            -100,
            -100,
            -100,
            -100,
            -100,
            -100,
            -100,
            -100,
            -100,
            -100,
            -100,
            -100,
            -100,
            -100,
            -100,
            -100,
            -100,
            -100,
            -100,
            -100,
            -100,
            -100,
            -100
        ]
    },
    {
        "name": "114",
        "vector": [
            -100,
            -100,
            -100,
            -100,
            -100,
            -100,
            -100,
            -100,
            -63.84615384615385,
            -63.76923076923077,
            -64.92307692307692,
            -100,
            -63.53846153846154,
            -63.69230769230769,
            -63.46153846153846,
            -100,
            -94.92307692307692,
            -100,
            -100,
            -100,
            -100,
            -100,
            -100,
            -100,
            -100,
            -100,
            -100,
            -100,
            -100,
            -80.46153846153847,
            -66.84615384615384,
            -100,
            -79.92307692307692,
            -100,
            -100,
            -81.07692307692308,
            -62.38461538461539,
            -100,
            -69.38461538461539,
            -100,
            -100,
            -100,
            -100,
            -100,
            -100,
            -53.69230769230769,
            -57.76923076923077,
            -100,
            -100,
            -54.69230769230769,
            -100,
            -100,
            -100,
            -100,
            -100,
            -100,
            -100,
            -64.6923076923077,
            -74.84615384615384,
            -100,
            -66.61538461538461,
            -100,
            -51.69230769230769,
            -100,
            -100,
            -71.3076923076923,
            -100,
            -100,
            -100,
            -100,
            -82.07692307692308,
            -100,
            -100,
            -100,
            -100,
            -100,
            -100,
            -100,
            -100,
            -100,
            -100,
            -100,
            -100,
            -100,
            -100,
            -100,
            -100,
            -100,
            -100,
            -100,
            -100,
            -100,
            -100,
            -100,
            -100
        ]
    },
    {
        "name": "117",
        "vector": [
            -100,
            -100,
            -100,
            -100,
            -100,
            -100,
            -100,
            -100,
            -69.6923076923077,
            -69.92307692307692,
            -69.84615384615384,
            -100,
            -67.61538461538461,
            -67.6923076923077,
            -67.6923076923077,
            -100,
            -100,
            -100,
            -100,
            -100,
            -100,
            -100,
            -100,
            -100,
            -100,
            -100,
            -100,
            -100,
            -100,
            -60.30769230769231,
            -61.46153846153846,
            -100,
            -60.07692307692308,
            -100,
            -100,
            -60.76923076923077,
            -61.46153846153846,
            -100,
            -77.84615384615384,
            -100,
            -90.84615384615384,
            -100,
            -100,
            -100,
            -100,
            -66.61538461538461,
            -75.6923076923077,
            -100,
            -100,
            -75.76923076923077,
            -100,
            -100,
            -100,
            -100,
            -100,
            -100,
            -100,
            -54.69230769230769,
            -78.6923076923077,
            -100,
            -80.61538461538461,
            -100,
            -62.61538461538461,
            -100,
            -100,
            -87.92307692307692,
            -100,
            -100,
            -100,
            -100,
            -65.23076923076923,
            -100,
            -100,
            -100,
            -100,
            -100,
            -100,
            -100,
            -100,
            -100,
            -100,
            -100,
            -100,
            -100,
            -100,
            -100,
            -100,
            -100,
            -100,
            -100,
            -100,
            -100,
            -100,
            -100,
            -100
        ]
    },
    {
        "name": "垃圾",
        "vector": [
            -100,
            -100,
            -100,
            -100,
            -100,
            -100,
            -100,
            -100,
            -92.0,
            -91.53846153846153,
            -91.53846153846153,
            -100,
            -92.84615384615384,
            -93.07692307692308,
            -93.53846153846153,
            -100,
            -86.53846153846153,
            -100,
            -86.84615384615384,
            -86.15384615384616,
            -100,
            -100,
            -100,
            -100,
            -100,
            -100,
            -100,
            -100,
            -100,
            -100,
            -100,
            -100,
            -100,
            -100,
            -100,
            -100,
            -100,
            -100,
            -90.0,
            -100,
            -100,
            -89.07692307692308,
            -89.53846153846153,
            -92.0,
            -100,
            -69.46153846153847,
            -87.92307692307692,
            -86.15384615384616,
            -100,
            -77.61538461538461,
            -100,
            -100,
            -100,
            -84.53846153846153,
            -100,
            -100,
            -100,
            -63.61538461538461,
            -89.76923076923077,
            -100,
            -86.0,
            -100,
            -67.76923076923077,
            -100,
            -100,
            -93.38461538461539,
            -100,
            -100,
            -100,
            -100,
            -87.61538461538461,
            -100,
            -100,
            -100,
            -100,
            -100,
            -100,
            -100,
            -100,
            -100,
            -100,
            -100,
            -100,
            -100,
            -100,
            -100,
            -100,
            -100,
            -100,
            -100,
            -100,
            -100,
            -100,
            -100,
            -100
        ]
    },
    {
        "name": "電機側門",
        "vector": [
            -100,
            -100,
            -100,
            -100,
            -100,
            -100,
            -83.61538461538461,
            -83.46153846153847,
            -100,
            -100,
            -100,
            -92.23076923076923,
            -95.3076923076923,
            -94.0,
            -93.07692307692308,
            -92.46153846153847,
            -100,
            -100,
            -100,
            -100,
            -100,
            -100,
            -100,
            -100,
            -79.3076923076923,
            -79.84615384615384,
            -100,
            -100,
            -91.3076923076923,
            -100,
            -100,
            -100,
            -100,
            -76.84615384615384,
            -77.46153846153847,
            -100,
            -100,
            -88.3076923076923,
            -100,
            -100,
            -100,
            -100,
            -100,
            -100,
            -70.92307692307692,
            -92.6923076923077,
            -100,
            -74.92307692307692,
            -100,
            -100,
            -100,
            -100,
            -100,
            -73.15384615384616,
            -100,
            -76.0,
            -71.46153846153847,
            -88.3076923076923,
            -100,
            -100,
            -100,
            -94.15384615384616,
            -100,
            -100,
            -100,
            -100,
            -100,
            -100,
            -65.0,
            -65.6923076923077,
            -81.53846153846153,
            -100,
            -100,
            -100,
            -100,
            -100,
            -100,
            -100,
            -100,
            -100,
            -100,
            -100,
            -100,
            -100,
            -100,
            -100,
            -100,
            -100,
            -100,
            -100,
            -100,
            -100,
            -100,
            -100,
            -100
        ]
    },
    {
        "name": "電機側門樓梯",
        "vector": [
            -100,
            -100,
            -100,
            -100,
            -100,
            -100,
            -100,
            -100,
            -81.3076923076923,
            -81.15384615384616,
            -81.53846153846153,
            -100,
            -79.84615384615384,
            -78.53846153846153,
            -80.46153846153847,
            -100,
            -100,
            -100,
            -100,
            -100,
            -100,
            -100,
            -100,
            -100,
            -100,
            -100,
            -100,
            -100,
            -100,
            -85.92307692307692,
            -77.61538461538461,
            -100,
            -84.07692307692308,
            -100,
            -100,
            -85.38461538461539,
            -80.15384615384616,
            -100,
            -89.0,
            -100,
            -100,
            -100,
            -100,
            -100,
            -100,
            -84.23076923076923,
            -89.46153846153847,
            -84.92307692307692,
            -100,
            -80.61538461538461,
            -100,
            -100,
            -100,
            -88.23076923076923,
            -100,
            -88.3076923076923,
            -87.23076923076923,
            -77.23076923076923,
            -100,
            -100,
            -93.15384615384616,
            -100,
            -82.0,
            -100,
            -100,
            -100,
            -100,
            -100,
            -86.0,
            -86.38461538461539,
            -75.92307692307692,
            -100,
            -100,
            -100,
            -100,
            -100,
            -100,
            -100,
            -100,
            -100,
            -100,
            -100,
            -100,
            -100,
            -100,
            -100,
            -100,
            -100,
            -100,
            -100,
            -100,
            -100,
            -100,
            -100,
            -100
        ]
    },
    {
        "name": "118",
        "vector": [
            -100,
            -100,
            -100,
            -100,
            -100,
            -100,
            -83.61538461538461,
            -83.0,
            -68.15384615384616,
            -67.92307692307692,
            -68.46153846153847,
            -93.84615384615384,
            -63.84615384615385,
            -63.38461538461539,
            -63.76923076923077,
            -100,
            -100,
            -100,
            -100,
            -100,
            -100,
            -100,
            -100,
            -100,
            -79.53846153846153,
            -79.6923076923077,
            -100,
            -100,
            -100,
            -74.53846153846153,
            -68.84615384615384,
            -100,
            -74.53846153846153,
            -79.15384615384616,
            -78.92307692307692,
            -70.61538461538461,
            -66.46153846153847,
            -87.6923076923077,
            -78.6923076923077,
            -100,
            -100,
            -100,
            -100,
            -100,
            -77.38461538461539,
            -73.07692307692308,
            -100,
            -67.38461538461539,
            -100,
            -82.07692307692308,
            -100,
            -100,
            -100,
            -71.53846153846153,
            -100,
            -67.38461538461539,
            -60.84615384615385,
            -67.92307692307692,
            -82.6923076923077,
            -94.76923076923077,
            -84.15384615384616,
            -100,
            -81.23076923076923,
            -100,
            -100,
            -92.0,
            -100,
            -100,
            -64.46153846153847,
            -64.38461538461539,
            -64.15384615384616,
            -100,
            -100,
            -100,
            -100,
            -94.92307692307692,
            -100,
            -95.15384615384616,
            -100,
            -100,
            -100,
            -100,
            -100,
            -100,
            -100,
            -100,
            -100,
            -100,
            -100,
            -100,
            -100,
            -100,
            -100,
            -100,
            -100
        ]
    },
    {
        "name": "119",
        "vector": [
            -100,
            -100,
            -100,
            -100,
            -100,
            -100,
            -72.15384615384616,
            -71.92307692307692,
            -100,
            -100,
            -100,
            -85.0,
            -100,
            -100,
            -100,
            -85.61538461538461,
            -100,
            -100,
            -100,
            -100,
            -100,
            -100,
            -100,
            -100,
            -74.07692307692308,
            -73.92307692307692,
            -100,
            -100,
            -93.0,
            -100,
            -100,
            -100,
            -100,
            -74.92307692307692,
            -76.92307692307692,
            -100,
            -100,
            -100,
            -100,
            -100,
            -100,
            -100,
            -100,
            -100,
            -79.15384615384616,
            -100,
            -100,
            -41.92307692307692,
            -100,
            -100,
            -100,
            -100,
            -100,
            -46.15384615384615,
            -100,
            -50.76923076923077,
            -50.76923076923077,
            -100,
            -100,
            -100,
            -100,
            -100,
            -100,
            -100,
            -100,
            -100,
            -100,
            -100,
            -51.76923076923077,
            -51.61538461538461,
            -88.61538461538461,
            -100,
            -100,
            -100,
            -100,
            -79.38461538461539,
            -100,
            -79.76923076923077,
            -100,
            -100,
            -83.6923076923077,
            -100,
            -82.53846153846153,
            -100,
            -100,
            -100,
            -100,
            -100,
            -100,
            -100,
            -100,
            -85.38461538461539,
            -83.15384615384616,
            -100,
            -100
        ]
    },
    {
        "name": "124",
        "vector": [
            -100,
            -100,
            -100,
            -100,
            -100,
            -100,
            -53.61538461538461,
            -52.92307692307692,
            -100,
            -100,
            -100,
            -65.38461538461539,
            -100,
            -100,
            -100,
            -68.3076923076923,
            -93.07692307692308,
            -39.53846153846154,
            -92.76923076923077,
            -93.0,
            -77.76923076923077,
            -100,
            -100,
            -100,
            -35.76923076923077,
            -36.23076923076923,
            -100,
            -58.92307692307692,
            -94.0,
            -100,
            -100,
            -100,
            -100,
            -76.0,
            -75.84615384615384,
            -100,
            -100,
            -41.53846153846154,
            -100,
            -100,
            -100,
            -100,
            -100,
            -100,
            -100,
            -100,
            -100,
            -85.15384615384616,
            -100,
            -100,
            -100,
            -100,
            -100,
            -80.38461538461539,
            -100,
            -81.76923076923077,
            -100,
            -100,
            -100,
            -84.23076923076923,
            -100,
            -89.53846153846153,
            -100,
            -81.38461538461539,
            -100,
            -100,
            -82.76923076923077,
            -79.61538461538461,
            -67.6923076923077,
            -67.76923076923077,
            -100,
            -71.92307692307692,
            -100,
            -89.61538461538461,
            -88.07692307692308,
            -68.0,
            -68.15384615384616,
            -68.15384615384616,
            -100,
            -81.84615384615384,
            -73.15384615384616,
            -100,
            -73.15384615384616,
            -100,
            -100,
            -87.3076923076923,
            -84.92307692307692,
            -87.6923076923077,
            -87.3076923076923,
            -76.23076923076923,
            -76.3076923076923,
            -83.53846153846153,
            -80.61538461538461,
            -100,
            -100
        ]
    },
    {
        "name": "120",
        "vector": [
            -100,
            -100,
            -100,
            -100,
            -100,
            -100,
            -52.46153846153846,
            -52.69230769230769,
            -100,
            -100,
            -100,
            -63.0,
            -100,
            -100,
            -100,
            -63.69230769230769,
            -95.23076923076923,
            -43.30769230769231,
            -94.6923076923077,
            -100,
            -63.84615384615385,
            -100,
            -100,
            -100,
            -50.92307692307692,
            -51.30769230769231,
            -100,
            -61.38461538461539,
            -94.38461538461539,
            -100,
            -100,
            -100,
            -100,
            -77.92307692307692,
            -77.92307692307692,
            -100,
            -100,
            -41.84615384615385,
            -100,
            -65.07692307692308,
            -100,
            -100,
            -100,
            -100,
            -100,
            -100,
            -100,
            -91.0,
            -100,
            -100,
            -100,
            -100,
            -100,
            -84.15384615384616,
            -100,
            -100,
            -81.23076923076923,
            -100,
            -100,
            -80.84615384615384,
            -100,
            -81.15384615384616,
            -100,
            -76.61538461538461,
            -81.61538461538461,
            -100,
            -72.0,
            -73.15384615384616,
            -72.07692307692308,
            -72.07692307692308,
            -100,
            -71.46153846153847,
            -100,
            -83.0,
            -76.76923076923077,
            -79.84615384615384,
            -69.61538461538461,
            -79.61538461538461,
            -100,
            -94.23076923076923,
            -83.0,
            -100,
            -81.15384615384616,
            -100,
            -100,
            -86.76923076923077,
            -84.15384615384616,
            -86.84615384615384,
            -87.0,
            -81.92307692307692,
            -81.92307692307692,
            -100,
            -100,
            -92.53846153846153,
            -100
        ]
    },
    {
        "name": "藝文區",
        "vector": [
            -100,
            -100,
            -100,
            -100,
            -100,
            -100,
            -58.53846153846154,
            -58.69230769230769,
            -100,
            -100,
            -100,
            -70.15384615384616,
            -100,
            -100,
            -100,
            -69.92307692307692,
            -100,
            -71.0,
            -100,
            -100,
            -75.6923076923077,
            -100,
            -100,
            -100,
            -66.46153846153847,
            -66.76923076923077,
            -100,
            -55.46153846153846,
            -100,
            -100,
            -100,
            -100,
            -100,
            -82.46153846153847,
            -80.61538461538461,
            -100,
            -100,
            -64.46153846153847,
            -100,
            -80.3076923076923,
            -100,
            -100,
            -100,
            -100,
            -100,
            -100,
            -100,
            -77.38461538461539,
            -100,
            -100,
            -100,
            -100,
            -100,
            -93.6923076923077,
            -100,
            -87.0,
            -79.15384615384616,
            -100,
            -100,
            -81.3076923076923,
            -100,
            -79.0,
            -100,
            -75.23076923076923,
            -80.3076923076923,
            -100,
            -70.53846153846153,
            -70.53846153846153,
            -80.38461538461539,
            -80.84615384615384,
            -100,
            -68.76923076923077,
            -82.15384615384616,
            -87.07692307692308,
            -89.38461538461539,
            -87.61538461538461,
            -67.92307692307692,
            -87.6923076923077,
            -100,
            -100,
            -88.92307692307692,
            -100,
            -88.53846153846153,
            -100,
            -100,
            -100,
            -83.3076923076923,
            -100,
            -100,
            -79.92307692307692,
            -79.76923076923077,
            -100,
            -100,
            -100,
            -100
        ]
    },
    {
        "name": "電機正門",
        "vector": [
            -91.38461538461539,
            -93.76923076923077,
            -93.61538461538461,
            -88.92307692307692,
            -88.0,
            -89.61538461538461,
            -53.15384615384615,
            -53.38461538461539,
            -100,
            -100,
            -100,
            -57.38461538461539,
            -100,
            -100,
            -100,
            -57.92307692307692,
            -87.6923076923077,
            -80.76923076923077,
            -87.53846153846153,
            -85.61538461538461,
            -68.3076923076923,
            -100,
            -100,
            -100,
            -62.15384615384615,
            -61.76923076923077,
            -100,
            -46.07692307692308,
            -100,
            -100,
            -100,
            -100,
            -100,
            -77.15384615384616,
            -84.6923076923077,
            -100,
            -100,
            -71.92307692307692,
            -100,
            -72.0,
            -100,
            -100,
            -100,
            -100,
            -100,
            -100,
            -100,
            -89.3076923076923,
            -100,
            -100,
            -100,
            -100,
            -100,
            -86.6923076923077,
            -100,
            -100,
            -100,
            -100,
            -100,
            -68.38461538461539,
            -100,
            -68.0,
            -100,
            -64.46153846153847,
            -71.3076923076923,
            -100,
            -63.46153846153846,
            -63.76923076923077,
            -69.3076923076923,
            -69.61538461538461,
            -100,
            -60.69230769230769,
            -82.07692307692308,
            -63.23076923076923,
            -64.07692307692308,
            -75.6923076923077,
            -60.69230769230769,
            -75.3076923076923,
            -100,
            -80.92307692307692,
            -82.3076923076923,
            -100,
            -80.38461538461539,
            -100,
            -89.15384615384616,
            -88.53846153846153,
            -81.92307692307692,
            -88.3076923076923,
            -88.53846153846153,
            -76.92307692307692,
            -76.53846153846153,
            -92.92307692307692,
            -93.15384615384616,
            -85.92307692307692,
            -91.53846153846153
        ]
    },
    {
        "name": "電機桌",
        "vector": [
            -88.15384615384616,
            -89.76923076923077,
            -88.6923076923077,
            -94.53846153846153,
            -94.07692307692308,
            -94.61538461538461,
            -50.07692307692308,
            -50.53846153846154,
            -100,
            -100,
            -100,
            -62.92307692307692,
            -100,
            -100,
            -100,
            -63.46153846153846,
            -82.46153846153847,
            -100,
            -82.38461538461539,
            -82.46153846153847,
            -71.3076923076923,
            -100,
            -100,
            -100,
            -61.69230769230769,
            -62.23076923076923,
            -91.76923076923077,
            -44.84615384615385,
            -89.07692307692308,
            -100,
            -100,
            -100,
            -100,
            -70.6923076923077,
            -69.07692307692308,
            -100,
            -100,
            -74.23076923076923,
            -100,
            -76.15384615384616,
            -100,
            -100,
            -100,
            -100,
            -69.23076923076923,
            -100,
            -100,
            -87.6923076923077,
            -100,
            -100,
            -100,
            -100,
            -100,
            -80.07692307692308,
            -100,
            -81.61538461538461,
            -83.15384615384616,
            -100,
            -100,
            -75.84615384615384,
            -100,
            -77.92307692307692,
            -100,
            -65.46153846153847,
            -67.92307692307692,
            -100,
            -68.76923076923077,
            -68.61538461538461,
            -66.15384615384616,
            -66.23076923076923,
            -100,
            -71.23076923076923,
            -74.3076923076923,
            -70.92307692307692,
            -75.07692307692308,
            -79.92307692307692,
            -69.15384615384616,
            -80.23076923076923,
            -100,
            -84.92307692307692,
            -84.07692307692308,
            -100,
            -80.92307692307692,
            -100,
            -85.6923076923077,
            -88.15384615384616,
            -90.6923076923077,
            -87.3076923076923,
            -87.07692307692308,
            -80.46153846153847,
            -80.53846153846153,
            -91.92307692307692,
            -100,
            -92.38461538461539,
            -94.15384615384616
        ]
    },
    {
        "name": "電機內門左",
        "vector": [
            -93.23076923076923,
            -93.53846153846153,
            -94.3076923076923,
            -93.61538461538461,
            -94.3076923076923,
            -93.61538461538461,
            -47.53846153846154,
            -48.07692307692308,
            -93.53846153846153,
            -93.6923076923077,
            -94.46153846153847,
            -71.84615384615384,
            -100,
            -100,
            -100,
            -71.61538461538461,
            -84.53846153846153,
            -63.69230769230769,
            -85.0,
            -84.15384615384616,
            -86.23076923076923,
            -100,
            -100,
            -100,
            -58.61538461538461,
            -58.69230769230769,
            -100,
            -51.53846153846154,
            -100,
            -100,
            -100,
            -100,
            -100,
            -86.23076923076923,
            -88.84615384615384,
            -100,
            -100,
            -61.23076923076923,
            -100,
            -86.23076923076923,
            -100,
            -100,
            -100,
            -90.38461538461539,
            -100,
            -100,
            -100,
            -100,
            -100,
            -100,
            -100,
            -100,
            -100,
            -85.76923076923077,
            -100,
            -100,
            -100,
            -100,
            -100,
            -73.23076923076923,
            -100,
            -74.84615384615384,
            -100,
            -63.46153846153846,
            -70.92307692307692,
            -100,
            -63.61538461538461,
            -64.15384615384616,
            -72.92307692307692,
            -73.84615384615384,
            -100,
            -80.23076923076923,
            -74.23076923076923,
            -90.6923076923077,
            -100,
            -76.92307692307692,
            -83.84615384615384,
            -76.6923076923077,
            -90.92307692307692,
            -78.92307692307692,
            -85.15384615384616,
            -100,
            -80.84615384615384,
            -100,
            -81.92307692307692,
            -90.0,
            -94.0,
            -90.53846153846153,
            -90.76923076923077,
            -82.3076923076923,
            -83.07692307692308,
            -100,
            -92.07692307692308,
            -93.23076923076923,
            -100
        ]
    },
    {
        "name": "電機內門",
        "vector": [
            -87.61538461538461,
            -87.23076923076923,
            -88.23076923076923,
            -88.53846153846153,
            -89.38461538461539,
            -88.76923076923077,
            -45.53846153846154,
            -45.23076923076923,
            -95.46153846153847,
            -94.38461538461539,
            -94.61538461538461,
            -69.61538461538461,
            -100,
            -100,
            -100,
            -69.61538461538461,
            -78.76923076923077,
            -71.07692307692308,
            -78.61538461538461,
            -78.38461538461539,
            -85.6923076923077,
            -88.6923076923077,
            -100,
            -87.15384615384616,
            -62.0,
            -62.38461538461539,
            -87.61538461538461,
            -42.38461538461539,
            -100,
            -100,
            -100,
            -86.0,
            -100,
            -91.23076923076923,
            -92.92307692307692,
            -100,
            -100,
            -59.61538461538461,
            -100,
            -75.61538461538461,
            -100,
            -91.76923076923077,
            -92.23076923076923,
            -100,
            -100,
            -100,
            -100,
            -100,
            -100,
            -100,
            -100,
            -100,
            -100,
            -92.0,
            -100,
            -100,
            -100,
            -100,
            -100,
            -83.23076923076923,
            -100,
            -83.84615384615384,
            -100,
            -68.3076923076923,
            -77.53846153846153,
            -100,
            -69.61538461538461,
            -70.0,
            -75.53846153846153,
            -76.53846153846153,
            -100,
            -74.53846153846153,
            -82.23076923076923,
            -88.38461538461539,
            -89.3076923076923,
            -76.15384615384616,
            -77.15384615384616,
            -76.15384615384616,
            -84.38461538461539,
            -74.84615384615384,
            -76.15384615384616,
            -82.6923076923077,
            -76.23076923076923,
            -84.38461538461539,
            -79.46153846153847,
            -80.6923076923077,
            -100,
            -80.07692307692308,
            -81.0,
            -85.6923076923077,
            -84.46153846153847,
            -91.23076923076923,
            -87.46153846153847,
            -100,
            -84.76923076923077
        ]
    },
    {
        "name": "電機內門右",
        "vector": [
            -100,
            -100,
            -100,
            -91.76923076923077,
            -92.92307692307692,
            -91.53846153846153,
            -44.15384615384615,
            -44.84615384615385,
            -100,
            -100,
            -100,
            -66.84615384615384,
            -100,
            -100,
            -100,
            -66.3076923076923,
            -86.0,
            -81.23076923076923,
            -85.76923076923077,
            -85.76923076923077,
            -66.15384615384616,
            -100,
            -100,
            -100,
            -66.3076923076923,
            -65.84615384615384,
            -90.23076923076923,
            -46.30769230769231,
            -100,
            -100,
            -100,
            -87.6923076923077,
            -100,
            -86.6923076923077,
            -90.3076923076923,
            -100,
            -100,
            -69.46153846153847,
            -100,
            -78.61538461538461,
            -100,
            -100,
            -100,
            -100,
            -100,
            -100,
            -100,
            -100,
            -100,
            -100,
            -100,
            -100,
            -100,
            -90.76923076923077,
            -100,
            -100,
            -100,
            -100,
            -100,
            -74.3076923076923,
            -100,
            -76.92307692307692,
            -100,
            -68.3076923076923,
            -70.07692307692308,
            -100,
            -68.0,
            -68.46153846153847,
            -77.61538461538461,
            -77.6923076923077,
            -100,
            -73.6923076923077,
            -74.23076923076923,
            -92.3076923076923,
            -92.23076923076923,
            -80.53846153846153,
            -71.3076923076923,
            -80.84615384615384,
            -100,
            -85.38461538461539,
            -82.92307692307692,
            -100,
            -82.46153846153847,
            -100,
            -74.53846153846153,
            -82.92307692307692,
            -91.84615384615384,
            -81.76923076923077,
            -82.92307692307692,
            -77.84615384615384,
            -77.53846153846153,
            -93.0,
            -92.15384615384616,
            -94.6923076923077,
            -100
        ]
    },
    {
        "name": "121",
        "vector": [
            -100,
            -100,
            -100,
            -100,
            -100,
            -100,
            -57.46153846153846,
            -57.92307692307692,
            -100,
            -100,
            -100,
            -47.92307692307692,
            -100,
            -100,
            -100,
            -47.30769230769231,
            -89.07692307692308,
            -100,
            -89.92307692307692,
            -90.53846153846153,
            -42.61538461538461,
            -100,
            -100,
            -100,
            -67.3076923076923,
            -67.46153846153847,
            -100,
            -55.0,
            -87.15384615384616,
            -100,
            -100,
            -100,
            -100,
            -76.46153846153847,
            -76.38461538461539,
            -100,
            -100,
            -83.84615384615384,
            -100,
            -43.30769230769231,
            -100,
            -100,
            -100,
            -100,
            -100,
            -100,
            -100,
            -86.38461538461539,
            -100,
            -100,
            -100,
            -100,
            -100,
            -85.46153846153847,
            -100,
            -100,
            -100,
            -100,
            -100,
            -64.38461538461539,
            -100,
            -64.6923076923077,
            -100,
            -82.46153846153847,
            -53.69230769230769,
            -100,
            -83.6923076923077,
            -82.92307692307692,
            -75.6923076923077,
            -76.38461538461539,
            -100,
            -73.38461538461539,
            -61.38461538461539,
            -68.0,
            -70.3076923076923,
            -83.92307692307692,
            -75.53846153846153,
            -82.61538461538461,
            -100,
            -100,
            -89.6923076923077,
            -100,
            -86.07692307692308,
            -100,
            -100,
            -100,
            -84.23076923076923,
            -100,
            -100,
            -82.76923076923077,
            -82.0,
            -94.0,
            -94.23076923076923,
            -93.15384615384616,
            -100
        ]
    },
    {
        "name": "自習區",
        "vector": [
            -100,
            -100,
            -100,
            -100,
            -100,
            -100,
            -63.38461538461539,
            -63.23076923076923,
            -100,
            -100,
            -100,
            -34.84615384615385,
            -100,
            -100,
            -100,
            -34.61538461538461,
            -86.76923076923077,
            -100,
            -86.3076923076923,
            -87.46153846153847,
            -33.53846153846154,
            -100,
            -100,
            -100,
            -64.46153846153847,
            -64.3076923076923,
            -100,
            -61.76923076923077,
            -100,
            -100,
            -100,
            -100,
            -100,
            -82.53846153846153,
            -82.6923076923077,
            -100,
            -100,
            -80.76923076923077,
            -100,
            -32.69230769230769,
            -100,
            -100,
            -100,
            -100,
            -87.92307692307692,
            -100,
            -100,
            -93.61538461538461,
            -100,
            -100,
            -100,
            -100,
            -100,
            -89.46153846153847,
            -100,
            -100,
            -100,
            -100,
            -100,
            -71.38461538461539,
            -100,
            -71.3076923076923,
            -100,
            -87.92307692307692,
            -65.38461538461539,
            -100,
            -86.6923076923077,
            -88.0,
            -79.61538461538461,
            -79.6923076923077,
            -100,
            -78.3076923076923,
            -67.84615384615384,
            -73.76923076923077,
            -83.38461538461539,
            -86.46153846153847,
            -73.53846153846153,
            -83.46153846153847,
            -100,
            -100,
            -88.92307692307692,
            -100,
            -85.6923076923077,
            -100,
            -100,
            -100,
            -87.92307692307692,
            -100,
            -100,
            -81.3076923076923,
            -81.23076923076923,
            -92.46153846153847,
            -92.46153846153847,
            -100,
            -100
        ]
    },
    {
        "name": "123",
        "vector": [
            -100,
            -100,
            -100,
            -100,
            -100,
            -100,
            -76.61538461538461,
            -76.46153846153847,
            -100,
            -100,
            -100,
            -74.76923076923077,
            -100,
            -100,
            -100,
            -75.38461538461539,
            -100,
            -89.6923076923077,
            -100,
            -100,
            -71.92307692307692,
            -100,
            -100,
            -100,
            -74.76923076923077,
            -74.92307692307692,
            -100,
            -85.38461538461539,
            -77.53846153846153,
            -100,
            -100,
            -100,
            -100,
            -52.07692307692308,
            -51.53846153846154,
            -100,
            -100,
            -100,
            -100,
            -71.0,
            -100,
            -100,
            -100,
            -100,
            -58.53846153846154,
            -100,
            -100,
            -85.6923076923077,
            -100,
            -100,
            -100,
            -100,
            -100,
            -81.46153846153847,
            -100,
            -85.15384615384616,
            -82.53846153846153,
            -100,
            -100,
            -55.69230769230769,
            -100,
            -55.53846153846154,
            -100,
            -100,
            -50.61538461538461,
            -100,
            -100,
            -100,
            -69.3076923076923,
            -68.53846153846153,
            -100,
            -100,
            -51.07692307692308,
            -94.23076923076923,
            -100,
            -89.84615384615384,
            -93.46153846153847,
            -89.3076923076923,
            -100,
            -100,
            -100,
            -100,
            -92.0,
            -100,
            -100,
            -100,
            -91.76923076923077,
            -100,
            -100,
            -100,
            -100,
            -100,
            -100,
            -100,
            -100
        ]
    },
    {
        "name": "122",
        "vector": [
            -100,
            -100,
            -100,
            -100,
            -100,
            -100,
            -78.6923076923077,
            -78.53846153846153,
            -100,
            -100,
            -100,
            -86.23076923076923,
            -100,
            -100,
            -100,
            -86.92307692307692,
            -100,
            -83.23076923076923,
            -100,
            -100,
            -100,
            -100,
            -100,
            -100,
            -78.23076923076923,
            -78.23076923076923,
            -100,
            -100,
            -47.30769230769231,
            -100,
            -100,
            -100,
            -100,
            -43.38461538461539,
            -43.30769230769231,
            -100,
            -100,
            -83.46153846153847,
            -100,
            -100,
            -100,
            -100,
            -100,
            -100,
            -38.61538461538461,
            -100,
            -100,
            -87.38461538461539,
            -100,
            -100,
            -100,
            -100,
            -100,
            -84.23076923076923,
            -100,
            -86.07692307692308,
            -83.61538461538461,
            -100,
            -100,
            -84.0,
            -100,
            -83.92307692307692,
            -100,
            -100,
            -81.61538461538461,
            -100,
            -100,
            -100,
            -74.23076923076923,
            -74.0,
            -100,
            -100,
            -86.15384615384616,
            -100,
            -100,
            -93.15384615384616,
            -92.92307692307692,
            -93.61538461538461,
            -100,
            -100,
            -100,
            -100,
            -100,
            -100,
            -100,
            -100,
            -87.38461538461539,
            -100,
            -100,
            -100,
            -100,
            -100,
            -100,
            -100,
            -100
        ]
    },
    {
        "name": "北門樓梯",
        "vector": [
            -100,
            -100,
            -100,
            -100,
            -100,
            -100,
            -100,
            -100,
            -100,
            -100,
            -100,
            -100,
            -100,
            -100,
            -100,
            -100,
            -100,
            -100,
            -100,
            -100,
            -94.92307692307692,
            -100,
            -100,
            -100,
            -100,
            -100,
            -100,
            -100,
            -63.38461538461539,
            -100,
            -100,
            -100,
            -100,
            -67.61538461538461,
            -67.61538461538461,
            -100,
            -100,
            -100,
            -100,
            -100,
            -100,
            -100,
            -100,
            -100,
            -66.46153846153847,
            -100,
            -100,
            -100,
            -100,
            -100,
            -100,
            -100,
            -100,
            -100,
            -100,
            -100,
            -94.15384615384616,
            -100,
            -100,
            -100,
            -100,
            -100,
            -100,
            -100,
            -100,
            -100,
            -100,
            -100,
            -100,
            -100,
            -100,
            -100,
            -100,
            -100,
            -100,
            -100,
            -100,
            -100,
            -100,
            -100,
            -100,
            -100,
            -100,
            -100,
            -100,
            -100,
            -86.84615384615384,
            -100,
            -100,
            -100,
            -100,
            -100,
            -100,
            -100,
            -100
        ]
    },
    {
        "name": "電機北門",
        "vector": [
            -100,
            -100,
            -100,
            -100,
            -100,
            -100,
            -82.6923076923077,
            -82.53846153846153,
            -100,
            -100,
            -100,
            -89.23076923076923,
            -100,
            -100,
            -100,
            -89.84615384615384,
            -100,
            -88.15384615384616,
            -100,
            -100,
            -90.84615384615384,
            -100,
            -100,
            -100,
            -77.38461538461539,
            -77.0,
            -100,
            -91.61538461538461,
            -67.46153846153847,
            -100,
            -100,
            -100,
            -100,
            -55.30769230769231,
            -55.23076923076923,
            -100,
            -100,
            -85.07692307692308,
            -100,
            -100,
            -100,
            -100,
            -100,
            -100,
            -49.84615384615385,
            -100,
            -100,
            -89.92307692307692,
            -100,
            -100,
            -100,
            -100,
            -100,
            -79.76923076923077,
            -100,
            -76.53846153846153,
            -80.92307692307692,
            -100,
            -100,
            -86.07692307692308,
            -100,
            -85.84615384615384,
            -100,
            -94.76923076923077,
            -91.15384615384616,
            -100,
            -100,
            -100,
            -71.6923076923077,
            -71.76923076923077,
            -100,
            -94.61538461538461,
            -100,
            -100,
            -100,
            -94.23076923076923,
            -100,
            -94.3076923076923,
            -100,
            -100,
            -100,
            -100,
            -100,
            -100,
            -100,
            -100,
            -75.46153846153847,
            -100,
            -100,
            -100,
            -100,
            -100,
            -100,
            -100,
            -100
        ]
    }
]