[
    {
        "name": "通訊內門",
        "vector": [
            -100,
            -100,
            -100,
            -100,
            -100,
            -100,
            -100,
            -100,
            -81.5,
            -100,
            -100,
            -100,
            -81.5,
            -100,
            -100,
            -100,
            -100,
            -100,
            -100,
            -100,
            -100,
            -100,
            -100,
            -100,
            -100,
            -76.5,
            -100,
            -100,
            -72.0,
            -71.0,
            -71.0,
            -100,
            -81.0,
            -100,
            -71.5,
            -69.0,
            -81.0,
            -100,
            -84.0,
            -84.0,
            -83.5,
            -100,
            -76.5,
            -65.0,
            -81.0,
            -100,
            -100,
            -100
        ]
    },
    {
        "name": "102",
        "vector": [
            -100,
            -100,
            -85.0,
            -100,
            -100,
            -100,
            -100,
            -100,
            -100,
            -100,
            -100,
            -100,
            -100,
            -100,
            -100,
            -100,
            -100,
            -100,
            -100,
            -100,
            -100,
            -100,
            -78.0,
            -100,
            -100,
            -100,
            -100,
            -100,
            -100,
            -100,
            -100,
            -100,
            -100,
            -100,
            -100,
            -78.0,
            -100,
            -77.0,
            -100,
            -100,
            -100,
            -100,
            -100,
            -71.0,
            -78.0,
            -100,
            -100,
            -100
        ]
    },
    {
        "name": "101",
        "vector": [
            -100,
            -100,
            -51.5,
            -100,
            -77.0,
            -100,
            -55.0,
            -100,
            -100,
            -100,
            -100,
            -100,
            -100,
            -100,
            -55.0,
            -100,
            -100,
            -100,
            -100,
            -100,
            -100,
            -100,
            -61.0,
            -100,
            -100,
            -100,
            -100,
            -78.0,
            -100,
            -100,
            -100,
            -100,
            -88.0,
            -100,
            -100,
            -100,
            -100,
            -70.0,
            -100,
            -100,
            -100,
            -76.0,
            -78.0,
            -100,
            -100,
            -100,
            -83.0,
            -67.0
        ]
    },
    {
        "name": "106",
        "vector": [
            -100,
            -100,
            -60.5,
            -100,
            -70.0,
            -100,
            -64.5,
            -100,
            -100,
            -100,
            -100,
            -100,
            -100,
            -100,
            -64.5,
            -100,
            -100,
            -100,
            -100,
            -100,
            -100,
            -100,
            -60.0,
            -100,
            -100,
            -81.0,
            -100,
            -76.0,
            -100,
            -100,
            -100,
            -100,
            -100,
            -100,
            -100,
            -83.0,
            -100,
            -74.0,
            -100,
            -100,
            -100,
            -100,
            -71.0,
            -73.0,
            -75.0,
            -100,
            -100,
            -71.0
        ]
    },
    {
        "name": "通訊正門",
        "vector": [
            -100,
            -100,
            -70.0,
            -100,
            -67.0,
            -100,
            -71.0,
            -100,
            -100,
            -100,
            -100,
            -100,
            -100,
            -100,
            -70.5,
            -100,
            -100,
            -100,
            -100,
            -100,
            -100,
            -100,
            -59.5,
            -100,
            -100,
            -69.5,
            -100,
            -67.0,
            -100,
            -100,
            -100,
            -100,
            -77.0,
            -100,
            -100,
            -73.0,
            -77.5,
            -80.0,
            -100,
            -100,
            -100,
            -66.0,
            -72.0,
            -68.0,
            -74.0,
            -100,
            -79.5,
            -69.5
        ]
    },
    {
        "name": "飲水機",
        "vector": [
            -100,
            -100,
            -82.0,
            -100,
            -72.0,
            -100,
            -84.0,
            -100,
            -100,
            -100,
            -100,
            -100,
            -100,
            -100,
            -100,
            -100,
            -100,
            -100,
            -100,
            -100,
            -100,
            -100,
            -100,
            -100,
            -100,
            -78.0,
            -100,
            -100,
            -100,
            -100,
            -100,
            -100,
            -100,
            -100,
            -100,
            -100,
            -100,
            -100,
            -100,
            -100,
            -100,
            -66.0,
            -100,
            -100,
            -100,
            -100,
            -82.0,
            -73.0
        ]
    },
    {
        "name": "108",
        "vector": [
            -100,
            -100,
            -72.0,
            -100,
            -62.0,
            -100,
            -74.0,
            -100,
            -100,
            -100,
            -100,
            -100,
            -100,
            -100,
            -74.0,
            -100,
            -100,
            -100,
            -100,
            -100,
            -100,
            -100,
            -70.0,
            -100,
            -100,
            -65.0,
            -100,
            -79.0,
            -100,
            -100,
            -100,
            -100,
            -73.0,
            -100,
            -100,
            -79.5,
            -73.0,
            -100,
            -100,
            -100,
            -100,
            -63.0,
            -76.0,
            -100,
            -100,
            -100,
            -85.0,
            -100
        ]
    },
    {
        "name": "105",
        "vector": [
            -81.0,
            -100,
            -78.0,
            -100,
            -40.0,
            -100,
            -100,
            -100,
            -100,
            -100,
            -100,
            -100,
            -100,
            -100,
            -100,
            -100,
            -100,
            -100,
            -100,
            -100,
            -100,
            -100,
            -100,
            -100,
            -100,
            -100,
            -100,
            -100,
            -100,
            -100,
            -100,
            -100,
            -87.0,
            -100,
            -100,
            -100,
            -86.5,
            -100,
            -100,
            -100,
            -100,
            -67.0,
            -100,
            -100,
            -100,
            -100,
            -84.0,
            -100
        ]
    },
    {
        "name": "電視",
        "vector": [
            -54.0,
            -100,
            -100,
            -100,
            -57.0,
            -100,
            -100,
            -84.0,
            -100,
            -100,
            -52.5,
            -100,
            -100,
            -71.5,
            -100,
            -100,
            -100,
            -100,
            -100,
            -100,
            -100,
            -100,
            -100,
            -75.0,
            -64.0,
            -100,
            -100,
            -100,
            -100,
            -100,
            -100,
            -100,
            -100,
            -100,
            -100,
            -100,
            -100,
            -100,
            -100,
            -100,
            -100,
            -100,
            -100,
            -100,
            -100,
            -100,
            -100,
            -100
        ]
    },
    {
        "name": "通訊側門",
        "vector": [
            -70.0,
            -100,
            -100,
            -100,
            -64.0,
            -100,
            -100,
            -100,
            -100,
            -100,
            -64.5,
            -100,
            -100,
            -72.0,
            -100,
            -100,
            -100,
            -100,
            -100,
            -100,
            -100,
            -100,
            -100,
            -100,
            -65.0,
            -100,
            -100,
            -100,
            -100,
            -100,
            -100,
            -73.0,
            -100,
            -100,
            -100,
            -100,
            -100,
            -100,
            -100,
            -100,
            -100,
            -100,
            -100,
            -100,
            -100,
            -100,
            -100,
            -100
        ]
    },
    {
        "name": "111",
        "vector": [
            -39.0,
            -100,
            -100,
            -100,
            -100,
            -100,
            -100,
            -82.0,
            -100,
            -80.0,
            -42.0,
            -100,
            -100,
            -59.0,
            -100,
            -100,
            -100,
            -100,
            -76.0,
            -100,
            -83.5,
            -100,
            -100,
            -70.0,
            -56.5,
            -100,
            -100,
            -100,
            -100,
            -100,
            -100,
            -67.5,
            -100,
            -100,
            -100,
            -100,
            -100,
            -100,
            -100,
            -100,
            -100,
            -100,
            -100,
            -100,
            -100,
            -100,
            -100,
            -100
        ]
    },
    {
        "name": "112",
        "vector": [
            -42.0,
            -100,
            -100,
            -100,
            -100,
            -100,
            -100,
            -74.5,
            -100,
            -76.0,
            -48.0,
            -100,
            -100,
            -56.0,
            -100,
            -75.0,
            -100,
            -100,
            -73.0,
            -70.0,
            -80.5,
            -66.0,
            -100,
            -73.5,
            -52.0,
            -100,
            -100,
            -100,
            -100,
            -100,
            -100,
            -65.0,
            -100,
            -100,
            -100,
            -100,
            -100,
            -100,
            -100,
            -100,
            -100,
            -100,
            -100,
            -100,
            -100,
            -100,
            -100,
            -100
        ]
    },
    {
        "name": "115",
        "vector": [
            -60.0,
            -100,
            -100,
            -100,
            -100,
            -100,
            -100,
            -64.0,
            -100,
            -67.0,
            -56.0,
            -100,
            -100,
            -61.0,
            -100,
            -60.0,
            -63.0,
            -100,
            -61.0,
            -55.0,
            -69.0,
            -56.0,
            -100,
            -68.0,
            -55.0,
            -100,
            -100,
            -100,
            -100,
            -100,
            -100,
            -63.5,
            -100,
            -100,
            -100,
            -100,
            -100,
            -100,
            -100,
            -100,
            -82.0,
            -100,
            -100,
            -100,
            -100,
            -100,
            -100,
            -100
        ]
    },
    {
        "name": "114",
        "vector": [
            -67.0,
            -100,
            -100,
            -100,
            -100,
            -100,
            -100,
            -56.0,
            -100,
            -57.0,
            -59.5,
            -78.0,
            -100,
            -71.5,
            -100,
            -68.0,
            -49.0,
            -100,
            -69.0,
            -50.0,
            -71.5,
            -55.0,
            -100,
            -63.0,
            -64.0,
            -100,
            -100,
            -100,
            -100,
            -100,
            -100,
            -100,
            -100,
            -100,
            -100,
            -100,
            -100,
            -100,
            -100,
            -100,
            -74.0,
            -100,
            -100,
            -100,
            -100,
            -100,
            -100,
            -100
        ]
    },
    {
        "name": "117",
        "vector": [
            -69.0,
            -100,
            -100,
            -100,
            -100,
            -100,
            -100,
            -65.5,
            -100,
            -74.5,
            -63.5,
            -67.5,
            -100,
            -78.0,
            -100,
            -78.0,
            -64.0,
            -100,
            -81.0,
            -61.5,
            -100,
            -74.0,
            -100,
            -56.0,
            -100,
            -100,
            -100,
            -100,
            -100,
            -100,
            -100,
            -100,
            -100,
            -100,
            -100,
            -100,
            -100,
            -100,
            -100,
            -100,
            -84.0,
            -100,
            -100,
            -100,
            -100,
            -100,
            -100,
            -100
        ]
    },
    {
        "name": "垃圾",
        "vector": [
            -100,
            -100,
            -100,
            -100,
            -100,
            -100,
            -100,
            -69.5,
            -100,
            -74.0,
            -100,
            -100,
            -100,
            -100,
            -100,
            -100,
            -69.0,
            -100,
            -100,
            -100,
            -100,
            -100,
            -100,
            -67.5,
            -100,
            -100,
            -100,
            -100,
            -100,
            -100,
            -100,
            -100,
            -100,
            -100,
            -100,
            -100,
            -100,
            -100,
            -100,
            -100,
            -76.0,
            -100,
            -100,
            -100,
            -100,
            -100,
            -100,
            -100
        ]
    },
    {
        "name": "電機側門",
        "vector": [
            -100,
            -83.0,
            -100,
            -100,
            -100,
            -100,
            -100,
            -88.0,
            -100,
            -100,
            -100,
            -87.0,
            -100,
            -100,
            -100,
            -100,
            -100,
            -100,
            -100,
            -100,
            -100,
            -100,
            -100,
            -100,
            -100,
            -100,
            -100,
            -100,
            -100,
            -100,
            -100,
            -100,
            -100,
            -100,
            -100,
            -100,
            -100,
            -100,
            -100,
            -100,
            -100,
            -100,
            -100,
            -100,
            -100,
            -100,
            -100,
            -100
        ]
    },
    {
        "name": "118",
        "vector": [
            -66.0,
            -78.0,
            -100,
            -69.0,
            -100,
            -100,
            -100,
            -78.5,
            -100,
            -82.0,
            -65.0,
            -68.0,
            -100,
            -79.0,
            -100,
            -100,
            -100,
            -100,
            -100,
            -100,
            -100,
            -100,
            -100,
            -67.0,
            -100,
            -100,
            -100,
            -100,
            -100,
            -100,
            -100,
            -100,
            -100,
            -100,
            -100,
            -100,
            -100,
            -100,
            -100,
            -100,
            -100,
            -100,
            -100,
            -100,
            -100,
            -100,
            -100,
            -100
        ]
    },
    {
        "name": "119",
        "vector": [
            -100,
            -74.0,
            -100,
            -100,
            -100,
            -100,
            -100,
            -100,
            -100,
            -100,
            -100,
            -87.0,
            -100,
            -100,
            -100,
            -100,
            -100,
            -100,
            -100,
            -100,
            -100,
            -100,
            -100,
            -100,
            -100,
            -100,
            -100,
            -100,
            -83.0,
            -82.0,
            -77.0,
            -100,
            -100,
            -100,
            -76.5,
            -100,
            -100,
            -100,
            -100,
            -100,
            -100,
            -100,
            -100,
            -100,
            -100,
            -100,
            -100,
            -100
        ]
    },
    {
        "name": "120",
        "vector": [
            -100,
            -73.0,
            -100,
            -100,
            -100,
            -67.5,
            -100,
            -100,
            -100,
            -100,
            -100,
            -100,
            -76.5,
            -100,
            -100,
            -100,
            -100,
            -85.0,
            -100,
            -100,
            -100,
            -100,
            -100,
            -100,
            -100,
            -100,
            -50.5,
            -100,
            -75.0,
            -100,
            -75.5,
            -100,
            -84.0,
            -68.0,
            -75.0,
            -100,
            -100,
            -100,
            -80.0,
            -79.5,
            -100,
            -100,
            -100,
            -100,
            -100,
            -73.0,
            -100,
            -100
        ]
    },
    {
        "name": "124",
        "vector": [
            -100,
            -100,
            -100,
            -100,
            -100,
            -100,
            -100,
            -100,
            -100,
            -100,
            -100,
            -100,
            -100,
            -100,
            -100,
            -100,
            -100,
            -100,
            -100,
            -100,
            -100,
            -100,
            -100,
            -100,
            -100,
            -100,
            -100,
            -100,
            -66.5,
            -66.0,
            -64.0,
            -100,
            -80.0,
            -67.0,
            -65.0,
            -78.5,
            -79.5,
            -100,
            -73.5,
            -73.0,
            -100,
            -100,
            -100,
            -100,
            -100,
            -100,
            -100,
            -100
        ]
    },
    {
        "name": "電機正門",
        "vector": [
            -100,
            -100,
            -100,
            -100,
            -100,
            -60.0,
            -100,
            -100,
            -65.0,
            -100,
            -100,
            -100,
            -65.0,
            -100,
            -100,
            -100,
            -100,
            -79.0,
            -100,
            -100,
            -100,
            -100,
            -100,
            -100,
            -100,
            -100,
            -51.0,
            -100,
            -78.0,
            -76.0,
            -76.0,
            -100,
            -100,
            -58.0,
            -73.0,
            -100,
            -100,
            -100,
            -75.0,
            -74.0,
            -100,
            -100,
            -100,
            -100,
            -100,
            -68.0,
            -100,
            -100
        ]
    },
    {
        "name": "電機桌",
        "vector": [
            -100,
            -62.5,
            -100,
            -100,
            -100,
            -65.0,
            -100,
            -100,
            -72.0,
            -100,
            -100,
            -100,
            -70.5,
            -100,
            -100,
            -100,
            -100,
            -100,
            -100,
            -100,
            -100,
            -100,
            -100,
            -100,
            -100,
            -100,
            -45.0,
            -100,
            -81.0,
            -81.0,
            -81.0,
            -100,
            -83.0,
            -66.5,
            -81.0,
            -79.0,
            -83.0,
            -100,
            -84.0,
            -82.0,
            -100,
            -100,
            -100,
            -100,
            -100,
            -69.0,
            -100,
            -100
        ]
    },
    {
        "name": "電機內門",
        "vector": [
            -100,
            -100,
            -100,
            -100,
            -100,
            -100,
            -100,
            -100,
            -100,
            -100,
            -100,
            -100,
            -75.0,
            -100,
            -100,
            -100,
            -100,
            -100,
            -100,
            -100,
            -100,
            -100,
            -100,
            -100,
            -100,
            -100,
            -43.0,
            -100,
            -78.0,
            -77.0,
            -70.5,
            -100,
            -79.0,
            -100,
            -70.0,
            -76.0,
            -78.5,
            -100,
            -84.0,
            -83.5,
            -100,
            -100,
            -100,
            -67.0,
            -100,
            -65.0,
            -100,
            -100
        ]
    },
    {
        "name": "121",
        "vector": [
            -100,
            -77.5,
            -100,
            -100,
            -100,
            -46.0,
            -100,
            -100,
            -65.0,
            -100,
            -100,
            -100,
            -64.5,
            -100,
            -100,
            -100,
            -100,
            -83.0,
            -100,
            -100,
            -100,
            -100,
            -100,
            -100,
            -100,
            -100,
            -52.5,
            -100,
            -100,
            -100,
            -100,
            -100,
            -100,
            -68.0,
            -100,
            -100,
            -100,
            -100,
            -83.0,
            -82.0,
            -100,
            -100,
            -100,
            -100,
            -100,
            -100,
            -100,
            -100
        ]
    },
    {
        "name": "123",
        "vector": [
            -100,
            -54.0,
            -100,
            -48.0,
            -100,
            -80.0,
            -100,
            -100,
            -60.0,
            -100,
            -100,
            -100,
            -61.0,
            -100,
            -100,
            -100,
            -100,
            -100,
            -100,
            -100,
            -100,
            -100,
            -100,
            -100,
            -100,
            -100,
            -100,
            -100,
            -100,
            -100,
            -100,
            -100,
            -100,
            -100,
            -100,
            -100,
            -100,
            -100,
            -100,
            -100,
            -100,
            -100,
            -100,
            -100,
            -100,
            -100,
            -100,
            -100
        ]
    },
    {
        "name": "122",
        "vector": [
            -100,
            -48.0,
            -100,
            -41.0,
            -100,
            -100,
            -100,
            -100,
            -85.5,
            -100,
            -100,
            -100,
            -86.0,
            -100,
            -100,
            -100,
            -100,
            -100,
            -100,
            -100,
            -100,
            -100,
            -100,
            -100,
            -100,
            -100,
            -100,
            -100,
            -100,
            -100,
            -100,
            -100,
            -100,
            -100,
            -100,
            -100,
            -100,
            -100,
            -100,
            -100,
            -100,
            -100,
            -100,
            -100,
            -100,
            -100,
            -100,
            -100
        ]
    },
    {
        "name": "電機北門",
        "vector": [
            -100,
            -57.0,
            -100,
            -51.0,
            -100,
            -100,
            -100,
            -100,
            -100,
            -100,
            -100,
            -100,
            -100,
            -100,
            -100,
            -100,
            -100,
            -68.0,
            -100,
            -100,
            -100,
            -100,
            -100,
            -100,
            -100,
            -100,
            -100,
            -100,
            -100,
            -100,
            -100,
            -100,
            -100,
            -100,
            -100,
            -100,
            -100,
            -100,
            -100,
            -100,
            -100,
            -100,
            -100,
            -100,
            -100,
            -100,
            -100,
            -100
        ]
    }
]