[
    {
        "name": "通訊內門",
        "vector": [
            -82.17391304347827,
            -81.91304347826087,
            -91.0,
            -73.95652173913044,
            -100,
            -73.41666666666667,
            -85.4,
            -73.42857142857143,
            -81.15789473684211,
            -77.65,
            -84.33333333333333,
            -82.06666666666666,
            -71.6,
            -100,
            -100,
            -100,
            -86.26666666666667,
            -78.45,
            -78.33333333333333,
            -68.8,
            -72.5,
            -70.9047619047619,
            -100,
            -100,
            -100,
            -72.75,
            -73.88888888888889,
            -100,
            -82.16666666666667,
            -100,
            -100,
            -100,
            -100,
            -87.75,
            -100,
            -100,
            -87.33333333333333,
            -82.5,
            -100,
            -100,
            -81.75,
            -79.83333333333333,
            -79.77777777777777,
            -86.92307692307692,
            -80.0,
            -75.38461538461539,
            -82.66666666666667,
            -76.07142857142857,
            -79.4,
            -100,
            -100,
            -79.57142857142857,
            -68.82352941176471,
            -81.14285714285714,
            -61.625,
            -100,
            -100,
            -62.85714285714285,
            -100,
            -87.6923076923077,
            -87.6,
            -100,
            -75.8,
            -77.25,
            -64.375,
            -80.2,
            -100,
            -100,
            -100,
            -71.45454545454545,
            -100,
            -100,
            -89.75,
            -68.05882352941177,
            -100,
            -70.91304347826087,
            -64.73684210526316,
            -100,
            -72.04347826086956,
            -71.8695652173913,
            -100,
            -69.41666666666667,
            -65.42857142857143,
            -75.95,
            -100,
            -80.3913043478261,
            -73.5,
            -80.3913043478261,
            -73.93333333333334,
            -83.38888888888889,
            -77.0,
            -77.04545454545455,
            -81.05882352941177,
            -79.86666666666666,
            -81.0,
            -81.3,
            -86.63636363636364
        ]
    },
    {
        "name": "102",
        "vector": [
            -80.58333333333333,
            -80.79166666666667,
            -100,
            -67.1304347826087,
            -86.0,
            -67.29166666666667,
            -100,
            -80.25,
            -81.9090909090909,
            -77.4,
            -100,
            -82.08333333333333,
            -75.75,
            -84.66666666666667,
            -100,
            -100,
            -87.0,
            -86.91666666666667,
            -86.75,
            -86.2,
            -80.625,
            -59.14285714285715,
            -100,
            -100,
            -100,
            -81.0,
            -79.2,
            -100,
            -85.11111111111111,
            -100,
            -100,
            -100,
            -100,
            -85.92307692307692,
            -100,
            -100,
            -85.76923076923077,
            -100,
            -100,
            -100,
            -81.94736842105263,
            -88.5,
            -89.16666666666667,
            -100,
            -100,
            -84.6,
            -100,
            -83.0,
            -76.1304347826087,
            -79.625,
            -100,
            -78.85714285714286,
            -82.0,
            -100,
            -76.07142857142857,
            -100,
            -100,
            -76.3076923076923,
            -100,
            -100,
            -100,
            -100,
            -100,
            -84.0,
            -79.18181818181819,
            -88.2,
            -100,
            -100,
            -100,
            -85.85714285714286,
            -100,
            -100,
            -100,
            -81.5,
            -100,
            -86.4,
            -79.0,
            -100,
            -86.92307692307692,
            -86.42857142857143,
            -100,
            -81.6470588235294,
            -70.05882352941177,
            -85.25,
            -100,
            -88.33333333333333,
            -83.28571428571429,
            -88.5,
            -81.16666666666667,
            -87.0,
            -87.77777777777777,
            -87.25,
            -77.44444444444444,
            -84.88888888888889,
            -100,
            -85.0,
            -100
        ]
    },
    {
        "name": "101",
        "vector": [
            -62.75,
            -63.16666666666666,
            -100,
            -46.73913043478261,
            -100,
            -47.70833333333334,
            -87.5,
            -77.66666666666667,
            -86.57142857142857,
            -61.65217391304348,
            -100,
            -85.33333333333333,
            -73.66666666666667,
            -79.76470588235294,
            -100,
            -100,
            -72.58333333333333,
            -100,
            -100,
            -100,
            -100,
            -51.0,
            -100,
            -100,
            -100,
            -100,
            -100,
            -100,
            -75.89473684210526,
            -100,
            -100,
            -100,
            -100,
            -55.625,
            -100,
            -100,
            -55.79166666666666,
            -100,
            -100,
            -100,
            -50.79166666666666,
            -100,
            -100,
            -100,
            -100,
            -100,
            -100,
            -100,
            -61.95652173913044,
            -100,
            -100,
            -100,
            -100,
            -100,
            -100,
            -100,
            -100,
            -100,
            -100,
            -100,
            -100,
            -100,
            -100,
            -100,
            -100,
            -100,
            -73.88235294117646,
            -100,
            -100,
            -88.66666666666667,
            -100,
            -100,
            -100,
            -84.5,
            -86.14285714285714,
            -88.42857142857143,
            -81.8,
            -100,
            -88.14285714285714,
            -87.33333333333333,
            -100,
            -87.58333333333333,
            -78.5,
            -82.0,
            -100,
            -88.0,
            -100,
            -87.61538461538461,
            -100,
            -100,
            -100,
            -100,
            -80.6923076923077,
            -85.9,
            -100,
            -100,
            -88.0
        ]
    },
    {
        "name": "106",
        "vector": [
            -58.04166666666666,
            -58.08333333333334,
            -100,
            -36.39130434782609,
            -100,
            -36.54166666666666,
            -100,
            -88.33333333333333,
            -100,
            -60.8695652173913,
            -100,
            -100,
            -100,
            -71.73684210526316,
            -100,
            -100,
            -68.16666666666667,
            -100,
            -100,
            -100,
            -100,
            -37.0,
            -100,
            -100,
            -100,
            -100,
            -100,
            -100,
            -70.28571428571429,
            -100,
            -100,
            -100,
            -100,
            -66.79166666666667,
            -100,
            -100,
            -66.58333333333333,
            -100,
            -100,
            -100,
            -60.45833333333334,
            -100,
            -100,
            -100,
            -100,
            -100,
            -100,
            -100,
            -61.69565217391305,
            -100,
            -100,
            -100,
            -100,
            -100,
            -100,
            -100,
            -100,
            -100,
            -100,
            -100,
            -100,
            -100,
            -100,
            -100,
            -84.8,
            -100,
            -75.66666666666667,
            -100,
            -100,
            -100,
            -100,
            -100,
            -100,
            -100,
            -87.33333333333333,
            -100,
            -83.0,
            -100,
            -89.0,
            -89.0,
            -84.5,
            -82.05263157894737,
            -72.94117647058823,
            -79.38888888888889,
            -100,
            -82.75,
            -100,
            -82.91666666666667,
            -100,
            -100,
            -100,
            -100,
            -75.0952380952381,
            -83.9375,
            -100,
            -100,
            -100
        ]
    },
    {
        "name": "通訊正門",
        "vector": [
            -53.29166666666666,
            -53.25,
            -85.66666666666667,
            -57.08695652173913,
            -100,
            -57.04166666666666,
            -80.25,
            -100,
            -100,
            -54.91666666666666,
            -100,
            -100,
            -100,
            -79.81818181818181,
            -100,
            -100,
            -69.21739130434783,
            -100,
            -100,
            -100,
            -100,
            -56.08333333333334,
            -100,
            -85.75,
            -100,
            -100,
            -76.33333333333333,
            -100,
            -67.69565217391305,
            -100,
            -100,
            -100,
            -100,
            -71.42857142857143,
            -100,
            -100,
            -71.5909090909091,
            -100,
            -100,
            -100,
            -70.22727272727273,
            -100,
            -100,
            -100,
            -100,
            -100,
            -100,
            -100,
            -60.04545454545455,
            -100,
            -100,
            -100,
            -100,
            -100,
            -100,
            -100,
            -100,
            -83.33333333333333,
            -100,
            -100,
            -100,
            -100,
            -100,
            -80.0,
            -100,
            -100,
            -66.35,
            -100,
            -100,
            -89.66666666666667,
            -100,
            -100,
            -100,
            -100,
            -85.42857142857143,
            -89.57142857142857,
            -75.33333333333333,
            -100,
            -89.25,
            -89.25,
            -79.63636363636364,
            -72.69565217391305,
            -68.63157894736842,
            -70.63636363636364,
            -100,
            -78.23809523809524,
            -100,
            -78.75,
            -100,
            -100,
            -100,
            -100,
            -75.27777777777777,
            -75.9090909090909,
            -100,
            -100,
            -85.0
        ]
    },
    {
        "name": "飲水機",
        "vector": [
            -50.79166666666666,
            -50.79166666666666,
            -90.0,
            -69.3913043478261,
            -100,
            -69.83333333333333,
            -87.0,
            -100,
            -100,
            -52.33333333333334,
            -100,
            -100,
            -81.75,
            -81.0,
            -100,
            -100,
            -73.5,
            -100,
            -100,
            -100,
            -84.0,
            -66.5909090909091,
            -100,
            -100,
            -100,
            -100,
            -100,
            -100,
            -73.17391304347827,
            -100,
            -100,
            -100,
            -100,
            -84.77777777777777,
            -100,
            -100,
            -84.5,
            -86.8,
            -100,
            -100,
            -79.9047619047619,
            -100,
            -100,
            -100,
            -87.6,
            -100,
            -100,
            -100,
            -80.9375,
            -100,
            -100,
            -100,
            -100,
            -87.8,
            -84.83333333333333,
            -100,
            -100,
            -86.4,
            -100,
            -100,
            -100,
            -100,
            -85.5,
            -80.28571428571429,
            -84.66666666666667,
            -100,
            -68.18181818181819,
            -100,
            -100,
            -89.0,
            -100,
            -100,
            -100,
            -87.5,
            -83.07692307692308,
            -89.0,
            -82.75,
            -100,
            -90.0,
            -89.6,
            -86.55555555555556,
            -86.0,
            -81.5,
            -78.42105263157895,
            -100,
            -86.25,
            -100,
            -85.21428571428571,
            -100,
            -86.5,
            -100,
            -100,
            -85.0,
            -85.5,
            -86.8,
            -100,
            -84.84615384615384
        ]
    },
    {
        "name": "108",
        "vector": [
            -36.08333333333334,
            -36.0,
            -87.45454545454545,
            -53.45833333333334,
            -100,
            -53.5,
            -82.88888888888889,
            -83.25,
            -100,
            -37.95833333333334,
            -100,
            -100,
            -81.33333333333333,
            -67.66666666666667,
            -100,
            -100,
            -61.25,
            -88.375,
            -89.44444444444444,
            -85.33333333333333,
            -77.5,
            -57.79166666666666,
            -100,
            -84.25,
            -100,
            -84.25,
            -78.0,
            -100,
            -62.95454545454545,
            -100,
            -100,
            -100,
            -100,
            -74.81818181818181,
            -100,
            -85.0,
            -74.95652173913044,
            -84.66666666666667,
            -100,
            -100,
            -72.5,
            -87.71428571428571,
            -88.11111111111111,
            -100,
            -100,
            -100,
            -100,
            -100,
            -69.80952380952381,
            -100,
            -100,
            -100,
            -100,
            -100,
            -80.0,
            -100,
            -100,
            -79.75,
            -100,
            -100,
            -100,
            -100,
            -100,
            -82.0,
            -79.57142857142857,
            -87.5,
            -63.28571428571428,
            -100,
            -100,
            -88.0,
            -100,
            -100,
            -100,
            -81.33333333333333,
            -83.3,
            -88.08333333333333,
            -79.55555555555556,
            -100,
            -87.0,
            -87.64285714285714,
            -82.77777777777777,
            -79.65,
            -71.3076923076923,
            -65.73913043478261,
            -100,
            -72.9090909090909,
            -82.6,
            -72.9090909090909,
            -85.33333333333333,
            -100,
            -100,
            -100,
            -83.63636363636364,
            -83.71428571428571,
            -82.5,
            -86.5,
            -88.22222222222223
        ]
    },
    {
        "name": "105",
        "vector": [
            -54.54166666666666,
            -54.1304347826087,
            -80.85,
            -61.16666666666666,
            -100,
            -61.33333333333334,
            -75.4,
            -80.33333333333333,
            -87.92857142857143,
            -56.21739130434783,
            -100,
            -87.6470588235294,
            -78.42857142857143,
            -60.36363636363637,
            -100,
            -100,
            -39.04166666666666,
            -87.3076923076923,
            -87.0,
            -100,
            -100,
            -60.83333333333334,
            -87.72727272727273,
            -80.72727272727273,
            -100,
            -100,
            -100,
            -100,
            -41.08695652173913,
            -100,
            -100,
            -100,
            -100,
            -83.57142857142857,
            -100,
            -75.42857142857143,
            -81.21428571428571,
            -78.0,
            -100,
            -100,
            -78.0,
            -100,
            -100,
            -87.1,
            -85.5,
            -85.33333333333333,
            -100,
            -88.0,
            -81.125,
            -100,
            -100,
            -82.66666666666667,
            -83.25,
            -80.6,
            -81.25,
            -100,
            -100,
            -81.0,
            -100,
            -100,
            -100,
            -85.0,
            -82.66666666666667,
            -69.1,
            -79.66666666666667,
            -86.0,
            -68.04761904761905,
            -100,
            -100,
            -87.0909090909091,
            -100,
            -100,
            -100,
            -79.0,
            -62.75,
            -87.0,
            -76.75,
            -100,
            -87.38461538461539,
            -86.91666666666667,
            -67.0952380952381,
            -87.55555555555556,
            -83.0,
            -82.27272727272727,
            -100,
            -87.3157894736842,
            -78.0,
            -86.77777777777777,
            -76.6,
            -84.1875,
            -100,
            -100,
            -100,
            -100,
            -100,
            -85.5,
            -83.94444444444444
        ]
    },
    {
        "name": "電視",
        "vector": [
            -62.04166666666666,
            -61.70833333333334,
            -54.1304347826087,
            -61.54166666666666,
            -100,
            -61.58333333333334,
            -53.13636363636363,
            -100,
            -100,
            -61.54166666666666,
            -100,
            -100,
            -100,
            -36.26086956521739,
            -100,
            -100,
            -58.26086956521739,
            -100,
            -100,
            -100,
            -100,
            -63.22727272727273,
            -70.77272727272727,
            -64.3,
            -100,
            -100,
            -100,
            -100,
            -57.04347826086956,
            -100,
            -100,
            -100,
            -84.3,
            -85.875,
            -100,
            -55.26086956521739,
            -85.7,
            -100,
            -100,
            -100,
            -76.63636363636364,
            -100,
            -100,
            -87.71428571428571,
            -80.22222222222223,
            -100,
            -78.27272727272727,
            -100,
            -100,
            -100,
            -100,
            -100,
            -100,
            -100,
            -100,
            -100,
            -100,
            -100,
            -100,
            -85.125,
            -100,
            -71.92857142857143,
            -100,
            -84.8,
            -100,
            -100,
            -78.0,
            -88.375,
            -100,
            -100,
            -76.04761904761905,
            -100,
            -86.72727272727273,
            -100,
            -84.0,
            -100,
            -100,
            -100,
            -100,
            -100,
            -72.0,
            -100,
            -100,
            -87.0,
            -100,
            -100,
            -100,
            -100,
            -100,
            -100,
            -100,
            -100,
            -100,
            -100,
            -100,
            -100,
            -100
        ]
    },
    {
        "name": "通訊側門",
        "vector": [
            -69.82608695652173,
            -69.1304347826087,
            -70.0952380952381,
            -68.25,
            -100,
            -68.45833333333333,
            -64.9090909090909,
            -100,
            -100,
            -69.15,
            -100,
            -100,
            -100,
            -51.27272727272727,
            -100,
            -100,
            -62.95238095238095,
            -100,
            -100,
            -100,
            -100,
            -66.14285714285714,
            -72.38095238095238,
            -64.95238095238095,
            -100,
            -100,
            -100,
            -100,
            -63.47826086956522,
            -100,
            -100,
            -100,
            -89.75,
            -87.71428571428571,
            -100,
            -62.90476190476191,
            -87.0,
            -100,
            -100,
            -100,
            -80.0,
            -100,
            -100,
            -100,
            -100,
            -100,
            -81.5,
            -100,
            -82.75,
            -100,
            -86.33333333333333,
            -100,
            -100,
            -100,
            -100,
            -100,
            -100,
            -100,
            -100,
            -100,
            -100,
            -73.55,
            -100,
            -100,
            -100,
            -100,
            -79.8,
            -100,
            -100,
            -100,
            -100,
            -100,
            -100,
            -100,
            -82.66666666666667,
            -100,
            -100,
            -100,
            -100,
            -100,
            -78.75,
            -100,
            -100,
            -86.33333333333333,
            -100,
            -100,
            -100,
            -100,
            -100,
            -100,
            -100,
            -100,
            -100,
            -100,
            -100,
            -100,
            -100
        ]
    },
    {
        "name": "111",
        "vector": [
            -100,
            -100,
            -39.56521739130435,
            -88.66666666666667,
            -100,
            -100,
            -41.95652173913044,
            -100,
            -100,
            -100,
            -100,
            -100,
            -100,
            -59.04761904761905,
            -100,
            -100,
            -82.66666666666667,
            -100,
            -100,
            -100,
            -100,
            -100,
            -58.08695652173913,
            -58.22727272727273,
            -100,
            -100,
            -100,
            -100,
            -78.28571428571429,
            -100,
            -100,
            -100,
            -81.76190476190476,
            -100,
            -100,
            -76.125,
            -100,
            -73.18181818181819,
            -100,
            -100,
            -100,
            -100,
            -100,
            -81.57894736842105,
            -72.84615384615384,
            -100,
            -72.71428571428571,
            -100,
            -100,
            -100,
            -83.66666666666667,
            -100,
            -100,
            -100,
            -100,
            -100,
            -100,
            -100,
            -100,
            -76.83333333333333,
            -100,
            -69.22222222222223,
            -85.0,
            -66.91666666666667,
            -100,
            -87.4,
            -85.0,
            -86.08333333333333,
            -100,
            -100,
            -71.63157894736842,
            -100,
            -84.44444444444444,
            -100,
            -100,
            -100,
            -100,
            -100,
            -100,
            -100,
            -84.66666666666667,
            -100,
            -100,
            -79.66666666666667,
            -100,
            -100,
            -100,
            -100,
            -100,
            -100,
            -100,
            -100,
            -100,
            -100,
            -100,
            -87.66666666666667,
            -100
        ]
    },
    {
        "name": "112",
        "vector": [
            -88.0,
            -87.66666666666667,
            -45.1304347826087,
            -100,
            -100,
            -100,
            -46.26086956521739,
            -100,
            -100,
            -83.5,
            -100,
            -100,
            -100,
            -62.52380952380953,
            -100,
            -100,
            -77.82352941176471,
            -100,
            -100,
            -100,
            -100,
            -100,
            -56.90909090909091,
            -51.42857142857143,
            -100,
            -100,
            -100,
            -100,
            -72.18181818181819,
            -100,
            -100,
            -100,
            -74.72727272727273,
            -100,
            -100,
            -77.53846153846153,
            -100,
            -69.6875,
            -100,
            -100,
            -100,
            -100,
            -100,
            -76.76190476190476,
            -66.84210526315789,
            -100,
            -68.85714285714286,
            -100,
            -100,
            -100,
            -76.5,
            -100,
            -100,
            -78.3,
            -100,
            -100,
            -100,
            -100,
            -100,
            -72.73684210526316,
            -100,
            -63.38095238095238,
            -80.0,
            -66.92307692307692,
            -100,
            -100,
            -77.5,
            -83.07692307692308,
            -100,
            -100,
            -74.0,
            -100,
            -81.0,
            -100,
            -84.0,
            -100,
            -100,
            -100,
            -100,
            -100,
            -100,
            -86.33333333333333,
            -100,
            -84.77777777777777,
            -100,
            -100,
            -100,
            -100,
            -100,
            -89.0,
            -100,
            -100,
            -100,
            -100,
            -100,
            -100,
            -100
        ]
    },
    {
        "name": "115",
        "vector": [
            -100,
            -100,
            -60.21739130434783,
            -100,
            -100,
            -100,
            -55.69565217391305,
            -100,
            -100,
            -100,
            -100,
            -100,
            -100,
            -67.23809523809524,
            -100,
            -100,
            -87.125,
            -100,
            -100,
            -100,
            -100,
            -100,
            -60.78260869565217,
            -55.14285714285715,
            -100,
            -100,
            -100,
            -100,
            -100,
            -100,
            -100,
            -100,
            -65.45454545454545,
            -100,
            -100,
            -84.75,
            -100,
            -61.76190476190476,
            -100,
            -100,
            -100,
            -100,
            -100,
            -68.68181818181819,
            -56.90909090909091,
            -100,
            -56.54545454545455,
            -100,
            -100,
            -100,
            -59.875,
            -100,
            -100,
            -67.3157894736842,
            -100,
            -100,
            -100,
            -100,
            -100,
            -62.26086956521739,
            -100,
            -63.88888888888889,
            -64.0,
            -100,
            -100,
            -100,
            -100,
            -79.78571428571429,
            -100,
            -100,
            -69.42857142857143,
            -100,
            -69.30434782608695,
            -100,
            -100,
            -100,
            -100,
            -100,
            -100,
            -100,
            -100,
            -100,
            -100,
            -87.66666666666667,
            -100,
            -100,
            -100,
            -100,
            -100,
            -80.47619047619048,
            -100,
            -100,
            -100,
            -100,
            -100,
            -100,
            -100
        ]
    },
    {
        "name": "114",
        "vector": [
            -100,
            -100,
            -66.54545454545455,
            -100,
            -100,
            -100,
            -60.61111111111111,
            -100,
            -100,
            -100,
            -100,
            -100,
            -100,
            -63.57894736842105,
            -100,
            -100,
            -100,
            -100,
            -100,
            -100,
            -100,
            -100,
            -71.86363636363636,
            -65.2,
            -100,
            -100,
            -100,
            -100,
            -100,
            -100,
            -100,
            -100,
            -55.45454545454545,
            -100,
            -100,
            -84.66666666666667,
            -100,
            -50.08695652173913,
            -100,
            -100,
            -100,
            -100,
            -100,
            -55.78260869565217,
            -58.66666666666666,
            -100,
            -52.19047619047619,
            -100,
            -100,
            -100,
            -63.8421052631579,
            -100,
            -100,
            -62.78947368421053,
            -100,
            -100,
            -100,
            -100,
            -100,
            -69.27272727272727,
            -100,
            -71.63636363636364,
            -66.0,
            -100,
            -100,
            -100,
            -100,
            -76.6470588235294,
            -100,
            -100,
            -63.68421052631579,
            -100,
            -72.4090909090909,
            -82.25,
            -100,
            -100,
            -100,
            -100,
            -100,
            -100,
            -100,
            -100,
            -100,
            -84.33333333333333,
            -100,
            -100,
            -100,
            -100,
            -100,
            -74.75,
            -100,
            -100,
            -100,
            -100,
            -100,
            -100,
            -100
        ]
    },
    {
        "name": "117",
        "vector": [
            -100,
            -100,
            -70.13636363636364,
            -100,
            -100,
            -100,
            -63.9,
            -100,
            -100,
            -100,
            -100,
            -100,
            -100,
            -64.95,
            -100,
            -100,
            -88.25,
            -100,
            -100,
            -100,
            -100,
            -100,
            -76.9,
            -70.375,
            -100,
            -100,
            -100,
            -100,
            -81.33333333333333,
            -100,
            -100,
            -100,
            -65.95454545454545,
            -100,
            -100,
            -85.0,
            -100,
            -63.7,
            -80.66666666666667,
            -77.25,
            -100,
            -100,
            -100,
            -75.81818181818181,
            -71.88235294117646,
            -100,
            -61.1,
            -100,
            -100,
            -84.0,
            -73.5,
            -81.75,
            -74.125,
            -72.0,
            -79.6,
            -100,
            -100,
            -82.4,
            -100,
            -80.95238095238095,
            -100,
            -78.53846153846153,
            -83.85714285714286,
            -100,
            -100,
            -100,
            -100,
            -68.0909090909091,
            -100,
            -100,
            -56.80952380952381,
            -100,
            -86.46666666666667,
            -75.28571428571429,
            -100,
            -100,
            -78.88888888888889,
            -100,
            -100,
            -100,
            -100,
            -100,
            -100,
            -100,
            -100,
            -100,
            -100,
            -100,
            -100,
            -83.73684210526316,
            -100,
            -100,
            -100,
            -100,
            -100,
            -100,
            -100
        ]
    },
    {
        "name": "垃圾",
        "vector": [
            -100,
            -100,
            -86.71428571428571,
            -100,
            -100,
            -100,
            -80.5,
            -100,
            -100,
            -100,
            -100,
            -100,
            -100,
            -80.66666666666667,
            -100,
            -100,
            -84.93333333333334,
            -100,
            -100,
            -100,
            -100,
            -100,
            -83.64285714285714,
            -78.625,
            -100,
            -100,
            -100,
            -100,
            -80.625,
            -100,
            -100,
            -80.5,
            -69.5909090909091,
            -100,
            -100,
            -100,
            -100,
            -66.95,
            -83.6,
            -71.57142857142857,
            -100,
            -100,
            -100,
            -74.9090909090909,
            -76.55555555555556,
            -100,
            -65.8125,
            -100,
            -100,
            -76.2,
            -81.83333333333333,
            -75.28571428571429,
            -65.3076923076923,
            -71.94117647058823,
            -76.88888888888889,
            -100,
            -100,
            -76.83333333333333,
            -100,
            -83.14285714285714,
            -100,
            -83.44444444444444,
            -81.0,
            -89.33333333333333,
            -71.55555555555556,
            -100,
            -100,
            -82.2,
            -100,
            -100,
            -66.86363636363636,
            -100,
            -87.25,
            -66.05555555555556,
            -85.6,
            -100,
            -74.0909090909091,
            -100,
            -100,
            -100,
            -84.14285714285714,
            -90.14285714285714,
            -100,
            -100,
            -100,
            -100,
            -100,
            -100,
            -100,
            -76.52380952380952,
            -88.66666666666667,
            -88.77777777777777,
            -100,
            -100,
            -100,
            -100,
            -100
        ]
    },
    {
        "name": "電機側門",
        "vector": [
            -100,
            -100,
            -100,
            -100,
            -100,
            -100,
            -87.5,
            -81.0,
            -85.71428571428571,
            -100,
            -80.5,
            -85.06666666666666,
            -76.66666666666667,
            -89.66666666666667,
            -87.25,
            -86.75,
            -100,
            -84.05263157894737,
            -82.83333333333333,
            -82.0,
            -76.2,
            -100,
            -90.5,
            -82.2,
            -87.0,
            -100,
            -72.57142857142857,
            -82.55,
            -100,
            -82.45,
            -68.28571428571429,
            -79.19047619047619,
            -86.45454545454545,
            -100,
            -80.88888888888889,
            -100,
            -100,
            -76.0,
            -63.88235294117647,
            -76.41176470588235,
            -100,
            -100,
            -89.0,
            -100,
            -100,
            -100,
            -75.25,
            -100,
            -100,
            -81.77777777777777,
            -82.0,
            -81.22222222222223,
            -85.66666666666667,
            -87.33333333333333,
            -84.33333333333333,
            -100,
            -100,
            -100,
            -83.5,
            -100,
            -100,
            -85.75,
            -100,
            -100,
            -100,
            -100,
            -100,
            -84.0,
            -72.25,
            -90.33333333333333,
            -81.54545454545455,
            -73.15,
            -100,
            -79.33333333333333,
            -100,
            -86.66666666666667,
            -82.75,
            -77.75,
            -100,
            -100,
            -100,
            -100,
            -100,
            -100,
            -100,
            -100,
            -100,
            -100,
            -100,
            -100,
            -100,
            -100,
            -100,
            -100,
            -100,
            -100,
            -100
        ]
    },
    {
        "name": "118",
        "vector": [
            -100,
            -100,
            -68.80952380952381,
            -100,
            -81.75,
            -100,
            -66.19047619047619,
            -73.66666666666667,
            -81.65,
            -100,
            -100,
            -81.27777777777777,
            -75.0,
            -73.0,
            -87.18181818181819,
            -87.16666666666667,
            -100,
            -77.3157894736842,
            -77.10526315789474,
            -100,
            -70.85714285714286,
            -100,
            -79.38888888888889,
            -74.64285714285714,
            -85.33333333333333,
            -100,
            -68.8,
            -78.63157894736842,
            -100,
            -78.5,
            -67.33333333333333,
            -74.21739130434783,
            -78.04545454545455,
            -100,
            -81.0,
            -86.83333333333333,
            -100,
            -74.28571428571429,
            -54.33333333333334,
            -68.3529411764706,
            -100,
            -88.0,
            -88.66666666666667,
            -82.0,
            -78.0,
            -100,
            -71.91666666666667,
            -100,
            -100,
            -71.36363636363636,
            -79.5,
            -69.5,
            -100,
            -100,
            -78.75,
            -87.0,
            -100,
            -100,
            -82.28571428571429,
            -83.13333333333334,
            -100,
            -81.375,
            -100,
            -100,
            -100,
            -100,
            -100,
            -67.21739130434783,
            -65.95652173913044,
            -87.1,
            -66.3,
            -66.34782608695652,
            -87.18181818181819,
            -79.0,
            -100,
            -87.0,
            -100,
            -72.6,
            -88.25,
            -87.66666666666667,
            -100,
            -100,
            -100,
            -100,
            -100,
            -100,
            -100,
            -100,
            -100,
            -100,
            -100,
            -90.66666666666667,
            -100,
            -100,
            -100,
            -100,
            -100
        ]
    },
    {
        "name": "119",
        "vector": [
            -100,
            -100,
            -100,
            -100,
            -100,
            -100,
            -100,
            -74.33333333333333,
            -73.19047619047619,
            -100,
            -100,
            -72.57894736842105,
            -74.0,
            -100,
            -82.66666666666667,
            -83.54545454545455,
            -100,
            -72.61904761904762,
            -72.14285714285714,
            -100,
            -67.66666666666667,
            -100,
            -100,
            -100,
            -86.5,
            -100,
            -66.57142857142857,
            -75.42105263157895,
            -100,
            -74.85,
            -62.83333333333334,
            -45.04347826086956,
            -100,
            -100,
            -82.77777777777777,
            -100,
            -100,
            -100,
            -44.89473684210526,
            -43.39130434782609,
            -100,
            -90.0,
            -87.6,
            -100,
            -100,
            -85.66666666666667,
            -100,
            -86.0,
            -100,
            -58.8125,
            -100,
            -57.6875,
            -63.4,
            -100,
            -65.7,
            -85.0,
            -86.375,
            -64.6,
            -79.0,
            -100,
            -86.375,
            -100,
            -100,
            -100,
            -70.2,
            -100,
            -100,
            -86.6470588235294,
            -54.04347826086956,
            -77.38888888888889,
            -100,
            -53.73913043478261,
            -100,
            -63.15384615384615,
            -100,
            -78.73684210526316,
            -70.42857142857143,
            -70.89473684210526,
            -83.36363636363636,
            -82.44444444444444,
            -100,
            -100,
            -100,
            -100,
            -86.5,
            -100,
            -75.6,
            -100,
            -75.75,
            -87.0,
            -82.23076923076923,
            -82.44444444444444,
            -100,
            -100,
            -100,
            -100,
            -100
        ]
    },
    {
        "name": "120",
        "vector": [
            -100,
            -100,
            -100,
            -100,
            -57.58333333333334,
            -100,
            -100,
            -53.0,
            -56.0,
            -100,
            -58.38888888888889,
            -56.90909090909091,
            -52.65,
            -100,
            -66.22222222222223,
            -66.55555555555556,
            -89.57142857142857,
            -54.78260869565217,
            -56.0,
            -72.8,
            -48.0,
            -100,
            -100,
            -100,
            -83.07142857142857,
            -70.5,
            -46.66666666666666,
            -75.85714285714286,
            -100,
            -74.41176470588235,
            -68.33333333333333,
            -85.57142857142857,
            -100,
            -100,
            -76.82352941176471,
            -100,
            -100,
            -100,
            -70.14285714285714,
            -70.86666666666666,
            -100,
            -78.1875,
            -76.72222222222223,
            -100,
            -100,
            -66.9047619047619,
            -100,
            -65.57894736842105,
            -100,
            -100,
            -100,
            -100,
            -100,
            -100,
            -68.5,
            -71.78947368421052,
            -69.3529411764706,
            -73.5,
            -69.14285714285714,
            -100,
            -72.5,
            -100,
            -100,
            -100,
            -100,
            -75.84615384615384,
            -100,
            -100,
            -75.35,
            -76.6842105263158,
            -100,
            -75.22222222222223,
            -100,
            -100,
            -100,
            -77.25,
            -71.0,
            -69.92857142857143,
            -77.82352941176471,
            -75.8,
            -100,
            -85.44444444444444,
            -83.6,
            -83.66666666666667,
            -83.57894736842105,
            -84.23529411764706,
            -79.0,
            -84.0,
            -77.8,
            -100,
            -84.75,
            -84.55555555555556,
            -100,
            -100,
            -84.4,
            -100,
            -87.33333333333333
        ]
    },
    {
        "name": "124",
        "vector": [
            -88.25,
            -88.5,
            -100,
            -88.33333333333333,
            -55.0,
            -89.1,
            -100,
            -51.875,
            -55.09090909090909,
            -84.66666666666667,
            -58.27272727272727,
            -55.27272727272727,
            -51.86666666666667,
            -100,
            -67.9090909090909,
            -68.93333333333334,
            -88.27777777777777,
            -41.59090909090909,
            -41.72727272727273,
            -65.8,
            -37.94736842105263,
            -100,
            -100,
            -100,
            -84.2,
            -66.16666666666667,
            -39.33333333333334,
            -72.46666666666667,
            -89.0,
            -72.6,
            -61.125,
            -80.16666666666667,
            -100,
            -100,
            -79.36363636363636,
            -100,
            -100,
            -100,
            -61.33333333333334,
            -74.14285714285714,
            -100,
            -79.57142857142857,
            -79.07692307692308,
            -100,
            -100,
            -67.25,
            -100,
            -67.84210526315789,
            -100,
            -68.66666666666667,
            -100,
            -82.71428571428571,
            -63.0,
            -100,
            -59.5,
            -74.8125,
            -74.66666666666667,
            -61.2,
            -67.66666666666667,
            -100,
            -74.625,
            -100,
            -100,
            -100,
            -61.5,
            -69.41176470588235,
            -100,
            -100,
            -70.42105263157895,
            -65.76190476190476,
            -100,
            -69.27777777777777,
            -100,
            -69.0,
            -100,
            -65.9047619047619,
            -59.85714285714285,
            -73.11111111111111,
            -68.45,
            -69.3529411764706,
            -100,
            -78.45,
            -77.4,
            -81.0,
            -85.4,
            -80.3529411764706,
            -71.84615384615384,
            -80.66666666666667,
            -70.53846153846153,
            -85.7,
            -76.6,
            -78.10526315789474,
            -82.0,
            -83.33333333333333,
            -100,
            -86.0,
            -87.8
        ]
    },
    {
        "name": "電機正門",
        "vector": [
            -88.33333333333333,
            -87.5,
            -100,
            -85.66666666666667,
            -51.69230769230769,
            -86.57142857142857,
            -100,
            -52.11764705882353,
            -58.61904761904762,
            -87.75,
            -55.07142857142857,
            -59.18181818181818,
            -52.0,
            -100,
            -60.0625,
            -60.70588235294117,
            -85.75,
            -63.17391304347826,
            -62.73913043478261,
            -56.4375,
            -53.92307692307692,
            -77.0,
            -100,
            -100,
            -84.0,
            -56.05882352941177,
            -53.66666666666666,
            -77.33333333333333,
            -85.75,
            -75.75,
            -71.25,
            -85.41176470588235,
            -100,
            -100,
            -74.14285714285714,
            -100,
            -100,
            -100,
            -73.8,
            -75.27272727272727,
            -100,
            -65.66666666666667,
            -65.76190476190476,
            -100,
            -100,
            -56.27777777777778,
            -100,
            -57.25,
            -100,
            -100,
            -100,
            -100,
            -100,
            -100,
            -100,
            -68.33333333333333,
            -68.76190476190476,
            -66.66666666666667,
            -64.13333333333334,
            -100,
            -69.23809523809524,
            -100,
            -100,
            -100,
            -100,
            -75.55555555555556,
            -100,
            -100,
            -75.3,
            -75.55555555555556,
            -100,
            -75.41176470588235,
            -100,
            -100,
            -100,
            -76.19047619047619,
            -100,
            -83.71428571428571,
            -79.19047619047619,
            -79.23529411764706,
            -100,
            -83.3076923076923,
            -74.33333333333333,
            -80.63636363636364,
            -78.15789473684211,
            -83.0,
            -100,
            -83.1,
            -100,
            -100,
            -86.44444444444444,
            -86.6,
            -100,
            -85.0,
            -83.42857142857143,
            -87.25,
            -88.0
        ]
    },
    {
        "name": "電機桌",
        "vector": [
            -85.47058823529412,
            -85.52941176470588,
            -88.0,
            -87.6,
            -52.14285714285715,
            -100,
            -85.0,
            -45.68421052631579,
            -51.3,
            -79.63636363636364,
            -54.35714285714285,
            -51.15,
            -44.33333333333334,
            -100,
            -64.82352941176471,
            -64.61111111111111,
            -84.41176470588235,
            -65.72727272727273,
            -65.72727272727273,
            -56.35294117647059,
            -57.22222222222222,
            -82.14285714285714,
            -100,
            -87.4,
            -79.5625,
            -57.5625,
            -56.4,
            -62.72727272727273,
            -79.33333333333333,
            -62.7,
            -51.13333333333333,
            -84.4090909090909,
            -100,
            -100,
            -75.07142857142857,
            -100,
            -100,
            -100,
            -61.0,
            -75.2,
            -100,
            -72.78947368421052,
            -72.11111111111111,
            -100,
            -100,
            -66.35714285714286,
            -100,
            -67.22222222222223,
            -100,
            -84.16666666666667,
            -100,
            -100,
            -100,
            -100,
            -100,
            -70.78947368421052,
            -70.75,
            -100,
            -59.0,
            -100,
            -70.71428571428571,
            -100,
            -100,
            -100,
            -75.0,
            -72.6,
            -85.0,
            -100,
            -71.21052631578948,
            -79.6470588235294,
            -100,
            -71.57894736842105,
            -100,
            -76.0,
            -100,
            -80.0,
            -100,
            -81.25,
            -81.57894736842105,
            -81.05882352941177,
            -84.5,
            -79.36842105263158,
            -75.2,
            -76.81818181818181,
            -86.375,
            -82.52631578947368,
            -82.33333333333333,
            -82.94736842105263,
            -80.0,
            -100,
            -84.81818181818181,
            -86.16666666666667,
            -85.33333333333333,
            -87.14285714285714,
            -83.0,
            -90.0,
            -84.84615384615384
        ]
    },
    {
        "name": "電機內門",
        "vector": [
            -84.5,
            -84.94444444444444,
            -84.3076923076923,
            -85.05882352941177,
            -60.6,
            -85.73333333333333,
            -80.0,
            -41.52380952380953,
            -46.31818181818182,
            -80.33333333333333,
            -61.625,
            -46.27272727272727,
            -41.47368421052632,
            -100,
            -66.93333333333334,
            -66.86666666666666,
            -79.81818181818181,
            -65.22727272727273,
            -65.45454545454545,
            -67.0,
            -58.94117647058823,
            -78.16666666666667,
            -91.0,
            -100,
            -100,
            -63.5,
            -58.93333333333333,
            -84.75,
            -77.72727272727273,
            -85.0,
            -78.0,
            -84.625,
            -100,
            -100,
            -100,
            -100,
            -100,
            -100,
            -74.14285714285714,
            -85.25,
            -100,
            -74.42857142857143,
            -75.11111111111111,
            -90.0,
            -100,
            -69.28571428571429,
            -100,
            -73.125,
            -100,
            -100,
            -100,
            -100,
            -78.75,
            -100,
            -67.0,
            -65.77777777777777,
            -66.5,
            -71.16666666666667,
            -70.76923076923077,
            -100,
            -65.73684210526316,
            -100,
            -100,
            -100,
            -71.75,
            -67.66666666666667,
            -83.5,
            -100,
            -74.80952380952381,
            -74.15,
            -100,
            -73.76470588235294,
            -100,
            -77.33333333333333,
            -100,
            -74.45454545454545,
            -74.75,
            -81.83333333333333,
            -77.9047619047619,
            -77.3157894736842,
            -82.25,
            -75.27272727272727,
            -65.52631578947368,
            -74.75,
            -84.33333333333333,
            -78.25,
            -84.66666666666667,
            -78.35,
            -80.66666666666667,
            -86.5,
            -85.0,
            -84.27272727272727,
            -81.0,
            -81.22222222222223,
            -80.25,
            -83.07142857142857,
            -83.5625
        ]
    },
    {
        "name": "121",
        "vector": [
            -100,
            -100,
            -100,
            -100,
            -38.18181818181818,
            -100,
            -89.5,
            -51.54545454545455,
            -61.61904761904762,
            -100,
            -40.04761904761905,
            -61.75,
            -52.66666666666666,
            -100,
            -47.66666666666666,
            -47.05555555555556,
            -87.08333333333333,
            -67.42857142857143,
            -67.26086956521739,
            -52.76190476190476,
            -63.1,
            -100,
            -100,
            -100,
            -80.58333333333333,
            -54.31578947368421,
            -63.875,
            -77.45,
            -80.25,
            -76.66666666666667,
            -66.84615384615384,
            -85.38888888888889,
            -100,
            -100,
            -73.93333333333334,
            -100,
            -100,
            -100,
            -76.66666666666667,
            -78.54545454545455,
            -100,
            -64.73913043478261,
            -64.68181818181819,
            -100,
            -100,
            -67.85714285714286,
            -100,
            -69.0,
            -100,
            -100,
            -100,
            -100,
            -100,
            -100,
            -100,
            -79.76923076923077,
            -79.06666666666666,
            -74.0,
            -70.6923076923077,
            -100,
            -79.78571428571429,
            -100,
            -100,
            -83.0,
            -81.5,
            -82.11111111111111,
            -100,
            -100,
            -79.44444444444444,
            -78.06666666666666,
            -100,
            -79.2,
            -100,
            -100,
            -100,
            -78.0625,
            -100,
            -88.33333333333333,
            -81.73333333333333,
            -82.42857142857143,
            -100,
            -88.4,
            -79.66666666666667,
            -88.0,
            -83.47058823529412,
            -88.5,
            -100,
            -88.66666666666667,
            -100,
            -100,
            -85.875,
            -86.375,
            -100,
            -100,
            -100,
            -100,
            -100
        ]
    },
    {
        "name": "123",
        "vector": [
            -100,
            -100,
            -100,
            -100,
            -62.54545454545455,
            -100,
            -100,
            -76.2,
            -79.0,
            -100,
            -61.07142857142857,
            -79.15,
            -74.5,
            -100,
            -76.06666666666666,
            -76.82352941176471,
            -100,
            -77.26315789473684,
            -76.6842105263158,
            -48.80952380952381,
            -68.83333333333333,
            -100,
            -100,
            -100,
            -75.55555555555556,
            -50.22222222222222,
            -69.25,
            -56.1304347826087,
            -100,
            -56.56521739130435,
            -45.80952380952381,
            -79.73684210526316,
            -100,
            -100,
            -67.14285714285714,
            -100,
            -100,
            -100,
            -71.0,
            -81.85714285714286,
            -100,
            -58.60869565217391,
            -58.8695652173913,
            -100,
            -100,
            -78.14285714285714,
            -100,
            -79.83333333333333,
            -100,
            -100,
            -100,
            -100,
            -100,
            -100,
            -100,
            -86.6,
            -85.16666666666667,
            -87.66666666666667,
            -78.22222222222223,
            -100,
            -85.6,
            -100,
            -100,
            -100,
            -100,
            -100,
            -100,
            -100,
            -75.0,
            -85.44444444444444,
            -100,
            -74.47368421052632,
            -100,
            -100,
            -100,
            -85.55555555555556,
            -100,
            -100,
            -86.66666666666667,
            -86.72727272727273,
            -100,
            -88.36363636363636,
            -73.4,
            -87.75,
            -84.22222222222223,
            -100,
            -100,
            -100,
            -100,
            -100,
            -88.5,
            -100,
            -100,
            -100,
            -79.55555555555556,
            -100,
            -100
        ]
    },
    {
        "name": "122",
        "vector": [
            -100,
            -100,
            -100,
            -100,
            -80.27272727272727,
            -100,
            -100,
            -78.0,
            -82.83333333333333,
            -100,
            -80.2,
            -82.5,
            -80.875,
            -100,
            -88.125,
            -88.5,
            -100,
            -80.55555555555556,
            -80.47368421052632,
            -75.875,
            -71.92857142857143,
            -100,
            -100,
            -100,
            -45.43478260869565,
            -77.25,
            -74.22222222222223,
            -48.30434782608695,
            -100,
            -49.39130434782609,
            -41.52380952380953,
            -84.78947368421052,
            -100,
            -100,
            -44.47619047619047,
            -100,
            -100,
            -100,
            -74.66666666666667,
            -87.0,
            -100,
            -85.83333333333333,
            -85.36842105263158,
            -100,
            -100,
            -87.25,
            -100,
            -86.85714285714286,
            -100,
            -88.33333333333333,
            -100,
            -91.33333333333333,
            -100,
            -100,
            -100,
            -88.14285714285714,
            -88.85714285714286,
            -100,
            -85.6,
            -100,
            -87.0,
            -100,
            -100,
            -100,
            -100,
            -100,
            -100,
            -100,
            -80.21052631578948,
            -88.28571428571429,
            -100,
            -79.42105263157895,
            -100,
            -100,
            -100,
            -88.5,
            -100,
            -100,
            -91.0,
            -90.0,
            -100,
            -100,
            -100,
            -100,
            -84.06666666666666,
            -100,
            -100,
            -100,
            -100,
            -100,
            -100,
            -87.33333333333333,
            -100,
            -100,
            -77.375,
            -100,
            -100
        ]
    },
    {
        "name": "電機北門",
        "vector": [
            -100,
            -100,
            -100,
            -100,
            -84.0,
            -100,
            -100,
            -100,
            -85.05555555555556,
            -100,
            -83.0,
            -84.88888888888889,
            -80.66666666666667,
            -100,
            -88.0,
            -86.8,
            -100,
            -82.05263157894737,
            -82.35,
            -80.33333333333333,
            -76.22222222222223,
            -100,
            -100,
            -100,
            -71.8695652173913,
            -82.0,
            -73.75,
            -58.0,
            -100,
            -58.08695652173913,
            -51.8421052631579,
            -85.76470588235294,
            -100,
            -100,
            -67.71428571428571,
            -100,
            -100,
            -100,
            -71.36363636363636,
            -82.33333333333333,
            -100,
            -88.25,
            -88.0,
            -100,
            -100,
            -84.33333333333333,
            -100,
            -100,
            -100,
            -100,
            -100,
            -86.5,
            -100,
            -100,
            -100,
            -100,
            -100,
            -100,
            -79.33333333333333,
            -100,
            -100,
            -100,
            -100,
            -100,
            -100,
            -100,
            -100,
            -100,
            -80.76190476190476,
            -88.28571428571429,
            -100,
            -80.38095238095238,
            -100,
            -100,
            -100,
            -88.0,
            -100,
            -100,
            -88.25,
            -88.66666666666667,
            -100,
            -100,
            -100,
            -100,
            -68.31818181818181,
            -100,
            -100,
            -100,
            -100,
            -100,
            -100,
            -89.0,
            -100,
            -100,
            -83.0,
            -100,
            -100
        ]
    }
]